-24.89994997 -0.00008330 -0.00000202 
-24.87493747 -0.00008344 -0.00000200 
-24.84992496 -0.00008360 -0.00000202 
-24.82491246 -0.00008378 -0.00000202 
-24.79989995 -0.00008394 -0.00000202 
-24.77488744 -0.00008412 -0.00000202 
-24.74987494 -0.00008430 -0.00000204 
-24.72486243 -0.00008446 -0.00000206 
-24.69984992 -0.00008464 -0.00000206 
-24.67483742 -0.00008480 -0.00000206 
-24.64982491 -0.00008498 -0.00000206 
-24.62481241 -0.00008516 -0.00000208 
-24.59979990 -0.00008532 -0.00000208 
-24.57478739 -0.00008550 -0.00000208 
-24.54977489 -0.00008568 -0.00000208 
-24.52476238 -0.00008586 -0.00000210 
-24.49974987 -0.00008602 -0.00000210 
-24.47473737 -0.00008620 -0.00000212 
-24.44972486 -0.00008636 -0.00000210 
-24.42471236 -0.00008656 -0.00000212 
-24.39969985 -0.00008672 -0.00000212 
-24.37468734 -0.00008690 -0.00000214 
-24.34967484 -0.00008708 -0.00000214 
-24.32466233 -0.00008726 -0.00000214 
-24.29964982 -0.00008744 -0.00000216 
-24.27463732 -0.00008762 -0.00000218 
-24.24962481 -0.00008780 -0.00000218 
-24.22461231 -0.00008798 -0.00000218 
-24.19959980 -0.00008818 -0.00000220 
-24.17458729 -0.00008834 -0.00000220 
-24.14957479 -0.00008852 -0.00000222 
-24.12456228 -0.00008870 -0.00000220 
-24.09954977 -0.00008890 -0.00000222 
-24.07453727 -0.00008908 -0.00000222 
-24.04952476 -0.00008928 -0.00000224 
-24.02451226 -0.00008944 -0.00000224 
-23.99949975 -0.00008964 -0.00000226 
-23.97448724 -0.00008982 -0.00000226 
-23.94947474 -0.00009002 -0.00000226 
-23.92446223 -0.00009020 -0.00000228 
-23.89944972 -0.00009038 -0.00000228 
-23.87443722 -0.00009058 -0.00000228 
-23.84942471 -0.00009078 -0.00000228 
-23.82441221 -0.00009096 -0.00000228 
-23.79939970 -0.00009114 -0.00000230 
-23.77438719 -0.00009134 -0.00000232 
-23.74937469 -0.00009154 -0.00000232 
-23.72436218 -0.00009174 -0.00000234 
-23.69934967 -0.00009194 -0.00000234 
-23.67433717 -0.00009214 -0.00000234 
-23.64932466 -0.00009232 -0.00000234 
-23.62431216 -0.00009252 -0.00000236 
-23.59929965 -0.00009272 -0.00000238 
-23.57428714 -0.00009292 -0.00000238 
-23.54927464 -0.00009310 -0.00000238 
-23.52426213 -0.00009330 -0.00000238 
-23.49924962 -0.00009350 -0.00000240 
-23.47423712 -0.00009372 -0.00000242 
-23.44922461 -0.00009392 -0.00000242 
-23.42421211 -0.00009410 -0.00000242 
-23.39919960 -0.00009432 -0.00000244 
-23.37418709 -0.00009452 -0.00000244 
-23.34917459 -0.00009472 -0.00000244 
-23.32416208 -0.00009492 -0.00000246 
-23.29914957 -0.00009512 -0.00000246 
-23.27413707 -0.00009534 -0.00000248 
-23.24912456 -0.00009554 -0.00000248 
-23.22411206 -0.00009574 -0.00000250 
-23.19909955 -0.00009596 -0.00000250 
-23.17408704 -0.00009616 -0.00000250 
-23.14907454 -0.00009638 -0.00000252 
-23.12406203 -0.00009658 -0.00000252 
-23.09904952 -0.00009678 -0.00000254 
-23.07403702 -0.00009700 -0.00000254 
-23.04902451 -0.00009722 -0.00000254 
-23.02401201 -0.00009742 -0.00000256 
-22.99899950 -0.00009762 -0.00000256 
-22.97398699 -0.00009786 -0.00000256 
-22.94897449 -0.00009808 -0.00000258 
-22.92396198 -0.00009828 -0.00000258 
-22.89894947 -0.00009850 -0.00000260 
-22.87393697 -0.00009872 -0.00000260 
-22.84892446 -0.00009894 -0.00000262 
-22.82391196 -0.00009916 -0.00000262 
-22.79889945 -0.00009936 -0.00000264 
-22.77388694 -0.00009958 -0.00000264 
-22.74887444 -0.00009980 -0.00000266 
-22.72386193 -0.00010004 -0.00000266 
-22.69884942 -0.00010024 -0.00000266 
-22.67383692 -0.00010048 -0.00000268 
-22.64882441 -0.00010070 -0.00000270 
-22.62381191 -0.00010092 -0.00000270 
-22.59879940 -0.00010116 -0.00000270 
-22.57378689 -0.00010138 -0.00000272 
-22.54877439 -0.00010160 -0.00000272 
-22.52376188 -0.00010184 -0.00000274 
-22.49874937 -0.00010206 -0.00000274 
-22.47373687 -0.00010228 -0.00000276 
-22.44872436 -0.00010252 -0.00000276 
-22.42371186 -0.00010274 -0.00000278 
-22.39869935 -0.00010296 -0.00000280 
-22.37368684 -0.00010322 -0.00000280 
-22.34867434 -0.00010346 -0.00000280 
-22.32366183 -0.00010368 -0.00000282 
-22.29864932 -0.00010390 -0.00000284 
-22.27363682 -0.00010414 -0.00000284 
-22.24862431 -0.00010440 -0.00000284 
-22.22361181 -0.00010464 -0.00000284 
-22.19859930 -0.00010486 -0.00000286 
-22.17358679 -0.00010510 -0.00000288 
-22.14857429 -0.00010534 -0.00000288 
-22.12356178 -0.00010558 -0.00000288 
-22.09854927 -0.00010582 -0.00000290 
-22.07353677 -0.00010608 -0.00000292 
-22.04852426 -0.00010630 -0.00000294 
-22.02351176 -0.00010654 -0.00000294 
-21.99849925 -0.00010680 -0.00000296 
-21.97348674 -0.00010704 -0.00000296 
-21.94847424 -0.00010728 -0.00000296 
-21.92346173 -0.00010754 -0.00000296 
-21.89844922 -0.00010778 -0.00000300 
-21.87343672 -0.00010804 -0.00000300 
-21.84842421 -0.00010830 -0.00000302 
-21.82341171 -0.00010854 -0.00000302 
-21.79839920 -0.00010878 -0.00000304 
-21.77338669 -0.00010904 -0.00000304 
-21.74837419 -0.00010930 -0.00000306 
-21.72336168 -0.00010956 -0.00000306 
-21.69834917 -0.00010982 -0.00000308 
-21.67333667 -0.00011006 -0.00000310 
-21.64832416 -0.00011032 -0.00000310 
-21.62331166 -0.00011060 -0.00000312 
-21.59829915 -0.00011084 -0.00000312 
-21.57328664 -0.00011110 -0.00000314 
-21.54827414 -0.00011136 -0.00000314 
-21.52326163 -0.00011162 -0.00000316 
-21.49824912 -0.00011188 -0.00000318 
-21.47323662 -0.00011214 -0.00000318 
-21.44822411 -0.00011242 -0.00000318 
-21.42321161 -0.00011268 -0.00000322 
-21.39819910 -0.00011294 -0.00000322 
-21.37318659 -0.00011322 -0.00000322 
-21.34817409 -0.00011350 -0.00000324 
-21.32316158 -0.00011376 -0.00000324 
-21.29814907 -0.00011404 -0.00000326 
-21.27313657 -0.00011430 -0.00000328 
-21.24812406 -0.00011458 -0.00000328 
-21.22311156 -0.00011486 -0.00000332 
-21.19809905 -0.00011514 -0.00000330 
-21.17308654 -0.00011540 -0.00000332 
-21.14807404 -0.00011568 -0.00000334 
-21.12306153 -0.00011596 -0.00000334 
-21.09804902 -0.00011624 -0.00000336 
-21.07303652 -0.00011652 -0.00000338 
-21.04802401 -0.00011680 -0.00000340 
-21.02301151 -0.00011708 -0.00000340 
-20.99799900 -0.00011736 -0.00000340 
-20.97298649 -0.00011764 -0.00000344 
-20.94797399 -0.00011794 -0.00000344 
-20.92296148 -0.00011824 -0.00000344 
-20.89794897 -0.00011852 -0.00000348 
-20.87293647 -0.00011882 -0.00000348 
-20.84792396 -0.00011910 -0.00000350 
-20.82291146 -0.00011940 -0.00000350 
-20.79789895 -0.00011968 -0.00000352 
-20.77288644 -0.00011998 -0.00000352 
-20.74787394 -0.00012028 -0.00000354 
-20.72286143 -0.00012056 -0.00000356 
-20.69784892 -0.00012086 -0.00000358 
-20.67283642 -0.00012116 -0.00000360 
-20.64782391 -0.00012146 -0.00000360 
-20.62281141 -0.00012178 -0.00000362 
-20.59779890 -0.00012206 -0.00000364 
-20.57278639 -0.00012238 -0.00000364 
-20.54777389 -0.00012266 -0.00000366 
-20.52276138 -0.00012298 -0.00000368 
-20.49774887 -0.00012328 -0.00000368 
-20.47273637 -0.00012360 -0.00000370 
-20.44772386 -0.00012390 -0.00000372 
-20.42271136 -0.00012422 -0.00000374 
-20.39769885 -0.00012452 -0.00000376 
-20.37268634 -0.00012484 -0.00000376 
-20.34767384 -0.00012516 -0.00000378 
-20.32266133 -0.00012546 -0.00000380 
-20.29764882 -0.00012578 -0.00000380 
-20.27263632 -0.00012610 -0.00000382 
-20.24762381 -0.00012642 -0.00000384 
-20.22261131 -0.00012674 -0.00000384 
-20.19759880 -0.00012706 -0.00000388 
-20.17258629 -0.00012738 -0.00000388 
-20.14757379 -0.00012770 -0.00000390 
-20.12256128 -0.00012804 -0.00000392 
-20.09754877 -0.00012834 -0.00000392 
-20.07253627 -0.00012868 -0.00000394 
-20.04752376 -0.00012902 -0.00000396 
-20.02251126 -0.00012934 -0.00000398 
-19.99749875 -0.00012968 -0.00000400 
-19.97248624 -0.00013000 -0.00000400 
-19.94747374 -0.00013034 -0.00000402 
-19.92246123 -0.00013068 -0.00000404 
-19.89744872 -0.00013102 -0.00000406 
-19.87243622 -0.00013136 -0.00000406 
-19.84742371 -0.00013170 -0.00000410 
-19.82241121 -0.00013204 -0.00000410 
-19.79739870 -0.00013238 -0.00000412 
-19.77238619 -0.00013272 -0.00000414 
-19.74737369 -0.00013306 -0.00000416 
-19.72236118 -0.00013342 -0.00000418 
-19.69734867 -0.00013376 -0.00000418 
-19.67233617 -0.00013412 -0.00000422 
-19.64732366 -0.00013446 -0.00000422 
-19.62231116 -0.00013482 -0.00000424 
-19.59729865 -0.00013518 -0.00000426 
-19.57228614 -0.00013554 -0.00000428 
-19.54727364 -0.00013588 -0.00000430 
-19.52226113 -0.00013624 -0.00000430 
-19.49724862 -0.00013660 -0.00000434 
-19.47223612 -0.00013696 -0.00000434 
-19.44722361 -0.00013732 -0.00000438 
-19.42221111 -0.00013770 -0.00000438 
-19.39719860 -0.00013806 -0.00000440 
-19.37218609 -0.00013844 -0.00000444 
-19.34717359 -0.00013880 -0.00000444 
-19.32216108 -0.00013916 -0.00000448 
-19.29714857 -0.00013954 -0.00000448 
-19.27213607 -0.00013990 -0.00000450 
-19.24712356 -0.00014030 -0.00000452 
-19.22211106 -0.00014066 -0.00000454 
-19.19709855 -0.00014104 -0.00000456 
-19.17208604 -0.00014142 -0.00000456 
-19.14707354 -0.00014182 -0.00000458 
-19.12206103 -0.00014220 -0.00000462 
-19.09704852 -0.00014258 -0.00000464 
-19.07203602 -0.00014296 -0.00000466 
-19.04702351 -0.00014334 -0.00000468 
-19.02201101 -0.00014374 -0.00000468 
-18.99699850 -0.00014412 -0.00000470 
-18.97198599 -0.00014452 -0.00000474 
-18.94697349 -0.00014492 -0.00000476 
-18.92196098 -0.00014532 -0.00000478 
-18.89694847 -0.00014572 -0.00000480 
-18.87193597 -0.00014612 -0.00000482 
-18.84692346 -0.00014652 -0.00000484 
-18.82191096 -0.00014692 -0.00000486 
-18.79689845 -0.00014732 -0.00000488 
-18.77188594 -0.00014774 -0.00000490 
-18.74687344 -0.00014814 -0.00000492 
-18.72186093 -0.00014856 -0.00000494 
-18.69684842 -0.00014898 -0.00000496 
-18.67183592 -0.00014938 -0.00000498 
-18.64682341 -0.00014980 -0.00000502 
-18.62181091 -0.00015022 -0.00000502 
-18.59679840 -0.00015062 -0.00000506 
-18.57178589 -0.00015106 -0.00000508 
-18.54677339 -0.00015148 -0.00000510 
-18.52176088 -0.00015190 -0.00000512 
-18.49674837 -0.00015234 -0.00000516 
-18.47173587 -0.00015276 -0.00000518 
-18.44672336 -0.00015320 -0.00000518 
-18.42171086 -0.00015362 -0.00000522 
-18.39669835 -0.00015406 -0.00000524 
-18.37168584 -0.00015450 -0.00000526 
-18.34667334 -0.00015494 -0.00000528 
-18.32166083 -0.00015538 -0.00000532 
-18.29664832 -0.00015582 -0.00000534 
-18.27163582 -0.00015628 -0.00000536 
-18.24662331 -0.00015672 -0.00000538 
-18.22161081 -0.00015716 -0.00000540 
-18.19659830 -0.00015762 -0.00000542 
-18.17158579 -0.00015806 -0.00000546 
-18.14657329 -0.00015852 -0.00000548 
-18.12156078 -0.00015898 -0.00000550 
-18.09654827 -0.00015944 -0.00000552 
-18.07153577 -0.00015990 -0.00000554 
-18.04652326 -0.00016036 -0.00000558 
-18.02151076 -0.00016082 -0.00000560 
-17.99649825 -0.00016130 -0.00000562 
-17.97148574 -0.00016176 -0.00000566 
-17.94647324 -0.00016224 -0.00000568 
-17.92146073 -0.00016272 -0.00000572 
-17.89644822 -0.00016320 -0.00000572 
-17.87143572 -0.00016366 -0.00000578 
-17.84642321 -0.00016414 -0.00000580 
-17.82141071 -0.00016464 -0.00000582 
-17.79639820 -0.00016512 -0.00000586 
-17.77138569 -0.00016560 -0.00000588 
-17.74637319 -0.00016610 -0.00000590 
-17.72136068 -0.00016658 -0.00000592 
-17.69634817 -0.00016708 -0.00000596 
-17.67133567 -0.00016758 -0.00000598 
-17.64632316 -0.00016806 -0.00000602 
-17.62131066 -0.00016858 -0.00000604 
-17.59629815 -0.00016908 -0.00000606 
-17.57128564 -0.00016958 -0.00000610 
-17.54627314 -0.00017010 -0.00000612 
-17.52126063 -0.00017060 -0.00000614 
-17.49624812 -0.00017112 -0.00000618 
-17.47123562 -0.00017164 -0.00000620 
-17.44622311 -0.00017216 -0.00000624 
-17.42121061 -0.00017268 -0.00000628 
-17.39619810 -0.00017320 -0.00000630 
-17.37118559 -0.00017372 -0.00000632 
-17.34617309 -0.00017424 -0.00000636 
-17.32116058 -0.00017478 -0.00000640 
-17.29614807 -0.00017532 -0.00000642 
-17.27113557 -0.00017586 -0.00000646 
-17.24612306 -0.00017640 -0.00000648 
-17.22111056 -0.00017694 -0.00000652 
-17.19609805 -0.00017748 -0.00000654 
-17.17108554 -0.00017804 -0.00000658 
-17.14607304 -0.00017856 -0.00000660 
-17.12106053 -0.00017914 -0.00000664 
-17.09604802 -0.00017968 -0.00000668 
-17.07103552 -0.00018024 -0.00000672 
-17.04602301 -0.00018080 -0.00000676 
-17.02101051 -0.00018136 -0.00000678 
-16.99599800 -0.00018194 -0.00000682 
-16.97098549 -0.00018250 -0.00000686 
-16.94597299 -0.00018306 -0.00000688 
-16.92096048 -0.00018364 -0.00000692 
-16.89594797 -0.00018422 -0.00000696 
-16.87093547 -0.00018480 -0.00000698 
-16.84592296 -0.00018538 -0.00000702 
-16.82091046 -0.00018596 -0.00000706 
-16.79589795 -0.00018656 -0.00000708 
-16.77088544 -0.00018716 -0.00000712 
-16.74587294 -0.00018774 -0.00000716 
-16.72086043 -0.00018834 -0.00000720 
-16.69584792 -0.00018894 -0.00000724 
-16.67083542 -0.00018954 -0.00000726 
-16.64582291 -0.00019014 -0.00000732 
-16.62081041 -0.00019076 -0.00000734 
-16.59579790 -0.00019138 -0.00000738 
-16.57078539 -0.00019200 -0.00000742 
-16.54577289 -0.00019262 -0.00000746 
-16.52076038 -0.00019322 -0.00000750 
-16.49574787 -0.00019386 -0.00000754 
-16.47073537 -0.00019448 -0.00000758 
-16.44572286 -0.00019512 -0.00000762 
-16.42071036 -0.00019576 -0.00000766 
-16.39569785 -0.00019640 -0.00000770 
-16.37068534 -0.00019704 -0.00000774 
-16.34567284 -0.00019768 -0.00000778 
-16.32066033 -0.00019832 -0.00000780 
-16.29564782 -0.00019900 -0.00000786 
-16.27063532 -0.00019964 -0.00000790 
-16.24562281 -0.00020030 -0.00000794 
-16.22061031 -0.00020096 -0.00000798 
-16.19559780 -0.00020162 -0.00000802 
-16.17058529 -0.00020230 -0.00000808 
-16.14557279 -0.00020296 -0.00000810 
-16.12056028 -0.00020364 -0.00000816 
-16.09554777 -0.00020432 -0.00000820 
-16.07053527 -0.00020502 -0.00000824 
-16.04552276 -0.00020570 -0.00000828 
-16.02051026 -0.00020640 -0.00000834 
-15.99549775 -0.00020708 -0.00000838 
-15.97048524 -0.00020780 -0.00000842 
-15.94547274 -0.00020850 -0.00000848 
-15.92046023 -0.00020920 -0.00000850 
-15.89544772 -0.00020990 -0.00000856 
-15.87043522 -0.00021062 -0.00000860 
-15.84542271 -0.00021132 -0.00000866 
-15.82041021 -0.00021206 -0.00000870 
-15.79539770 -0.00021278 -0.00000874 
-15.77038519 -0.00021350 -0.00000880 
-15.74537269 -0.00021424 -0.00000884 
-15.72036018 -0.00021498 -0.00000890 
-15.69534767 -0.00021574 -0.00000894 
-15.67033517 -0.00021648 -0.00000898 
-15.64532266 -0.00021722 -0.00000904 
-15.62031016 -0.00021798 -0.00000910 
-15.59529765 -0.00021872 -0.00000914 
-15.57028514 -0.00021950 -0.00000920 
-15.54527264 -0.00022028 -0.00000924 
-15.52026013 -0.00022104 -0.00000930 
-15.49524762 -0.00022182 -0.00000934 
-15.47023512 -0.00022260 -0.00000940 
-15.44522261 -0.00022338 -0.00000946 
-15.42021011 -0.00022418 -0.00000950 
-15.39519760 -0.00022496 -0.00000956 
-15.37018509 -0.00022576 -0.00000962 
-15.34517259 -0.00022656 -0.00000968 
-15.32016008 -0.00022738 -0.00000972 
-15.29514757 -0.00022818 -0.00000978 
-15.27013507 -0.00022900 -0.00000984 
-15.24512256 -0.00022980 -0.00000990 
-15.22011006 -0.00023064 -0.00000994 
-15.19509755 -0.00023146 -0.00001000 
-15.17008504 -0.00023230 -0.00001006 
-15.14507254 -0.00023314 -0.00001014 
-15.12006003 -0.00023398 -0.00001018 
-15.09504752 -0.00023484 -0.00001024 
-15.07003502 -0.00023570 -0.00001030 
-15.04502251 -0.00023656 -0.00001036 
-15.02001001 -0.00023740 -0.00001042 
-14.99499750 -0.00023828 -0.00001048 
-14.96998499 -0.00023916 -0.00001054 
-14.94497249 -0.00024004 -0.00001060 
-14.91995998 -0.00024092 -0.00001066 
-14.89494747 -0.00024180 -0.00001074 
-14.86993497 -0.00024270 -0.00001080 
-14.84492246 -0.00024360 -0.00001086 
-14.81990995 -0.00024452 -0.00001092 
-14.79489745 -0.00024542 -0.00001100 
-14.76988494 -0.00024636 -0.00001106 
-14.74487244 -0.00024728 -0.00001112 
-14.71985993 -0.00024820 -0.00001120 
-14.69484742 -0.00024912 -0.00001126 
-14.66983492 -0.00025006 -0.00001132 
-14.64482241 -0.00025102 -0.00001140 
-14.61980990 -0.00025196 -0.00001146 
-14.59479740 -0.00025292 -0.00001154 
-14.56978489 -0.00025388 -0.00001162 
-14.54477239 -0.00025486 -0.00001170 
-14.51975988 -0.00025582 -0.00001174 
-14.49474737 -0.00025680 -0.00001182 
-14.46973487 -0.00025780 -0.00001190 
-14.44472236 -0.00025878 -0.00001196 
-14.41970985 -0.00025980 -0.00001204 
-14.39469735 -0.00026078 -0.00001212 
-14.36968484 -0.00026182 -0.00001220 
-14.34467234 -0.00026282 -0.00001228 
-14.31965983 -0.00026384 -0.00001234 
-14.29464732 -0.00026488 -0.00001242 
-14.26963482 -0.00026592 -0.00001250 
-14.24462231 -0.00026696 -0.00001258 
-14.21960980 -0.00026800 -0.00001266 
-14.19459730 -0.00026906 -0.00001274 
-14.16958479 -0.00027012 -0.00001284 
-14.14457229 -0.00027120 -0.00001292 
-14.11955978 -0.00027228 -0.00001300 
-14.09454727 -0.00027336 -0.00001308 
-14.06953477 -0.00027446 -0.00001316 
-14.04452226 -0.00027556 -0.00001326 
-14.01950975 -0.00027666 -0.00001334 
-13.99449725 -0.00027776 -0.00001342 
-13.96948474 -0.00027890 -0.00001350 
-13.94447224 -0.00028002 -0.00001360 
-13.91945973 -0.00028114 -0.00001370 
-13.89444722 -0.00028230 -0.00001378 
-13.86943472 -0.00028344 -0.00001386 
-13.84442221 -0.00028458 -0.00001396 
-13.81940970 -0.00028576 -0.00001406 
-13.79439720 -0.00028694 -0.00001414 
-13.76938469 -0.00028812 -0.00001424 
-13.74437219 -0.00028930 -0.00001434 
-13.71935968 -0.00029050 -0.00001444 
-13.69434717 -0.00029170 -0.00001454 
-13.66933467 -0.00029292 -0.00001462 
-13.64432216 -0.00029412 -0.00001474 
-13.61930965 -0.00029536 -0.00001482 
-13.59429715 -0.00029660 -0.00001494 
-13.56928464 -0.00029786 -0.00001504 
-13.54427214 -0.00029910 -0.00001512 
-13.51925963 -0.00030036 -0.00001524 
-13.49424712 -0.00030162 -0.00001534 
-13.46923462 -0.00030290 -0.00001544 
-13.44422211 -0.00030420 -0.00001556 
-13.41920960 -0.00030548 -0.00001566 
-13.39419710 -0.00030680 -0.00001578 
-13.36918459 -0.00030812 -0.00001588 
-13.34417209 -0.00030944 -0.00001598 
-13.31915958 -0.00031078 -0.00001610 
-13.29414707 -0.00031212 -0.00001622 
-13.26913457 -0.00031348 -0.00001632 
-13.24412206 -0.00031482 -0.00001646 
-13.21910955 -0.00031620 -0.00001658 
-13.19409705 -0.00031758 -0.00001668 
-13.16908454 -0.00031898 -0.00001680 
-13.14407204 -0.00032038 -0.00001692 
-13.11905953 -0.00032180 -0.00001704 
-13.09404702 -0.00032322 -0.00001718 
-13.06903452 -0.00032464 -0.00001728 
-13.04402201 -0.00032608 -0.00001742 
-13.01900950 -0.00032752 -0.00001754 
-12.99399700 -0.00032900 -0.00001766 
-12.96898449 -0.00033048 -0.00001780 
-12.94397199 -0.00033196 -0.00001794 
-12.91895948 -0.00033344 -0.00001806 
-12.89394697 -0.00033494 -0.00001818 
-12.86893447 -0.00033648 -0.00001834 
-12.84392196 -0.00033800 -0.00001846 
-12.81890945 -0.00033954 -0.00001860 
-12.79389695 -0.00034108 -0.00001874 
-12.76888444 -0.00034264 -0.00001888 
-12.74387194 -0.00034422 -0.00001902 
-12.71885943 -0.00034580 -0.00001916 
-12.69384692 -0.00034740 -0.00001930 
-12.66883442 -0.00034902 -0.00001946 
-12.64382191 -0.00035064 -0.00001960 
-12.61880940 -0.00035228 -0.00001976 
-12.59379690 -0.00035392 -0.00001990 
-12.56878439 -0.00035556 -0.00002004 
-12.54377189 -0.00035724 -0.00002022 
-12.51875938 -0.00035894 -0.00002036 
-12.49374687 -0.00036064 -0.00002054 
-12.46873437 -0.00036234 -0.00002068 
-12.44372186 -0.00036406 -0.00002084 
-12.41870935 -0.00036580 -0.00002100 
-12.39369685 -0.00036756 -0.00002118 
-12.36868434 -0.00036932 -0.00002134 
-12.34367184 -0.00037108 -0.00002150 
-12.31865933 -0.00037290 -0.00002168 
-12.29364682 -0.00037470 -0.00002184 
-12.26863432 -0.00037650 -0.00002202 
-12.24362181 -0.00037836 -0.00002218 
-12.21860930 -0.00038020 -0.00002238 
-12.19359680 -0.00038206 -0.00002254 
-12.16858429 -0.00038394 -0.00002274 
-12.14357179 -0.00038584 -0.00002292 
-12.11855928 -0.00038776 -0.00002310 
-12.09354677 -0.00038968 -0.00002330 
-12.06853427 -0.00039160 -0.00002348 
-12.04352176 -0.00039358 -0.00002368 
-12.01850925 -0.00039554 -0.00002388 
-11.99349675 -0.00039754 -0.00002408 
-11.96848424 -0.00039954 -0.00002426 
-11.94347174 -0.00040158 -0.00002448 
-11.91845923 -0.00040360 -0.00002468 
-11.89344672 -0.00040566 -0.00002488 
-11.86843422 -0.00040774 -0.00002510 
-11.84342171 -0.00040982 -0.00002530 
-11.81840920 -0.00041194 -0.00002552 
-11.79339670 -0.00041406 -0.00002574 
-11.76838419 -0.00041620 -0.00002596 
-11.74337169 -0.00041836 -0.00002618 
-11.71835918 -0.00042054 -0.00002640 
-11.69334667 -0.00042276 -0.00002662 
-11.66833417 -0.00042496 -0.00002686 
-11.64332166 -0.00042722 -0.00002710 
-11.61830915 -0.00042946 -0.00002732 
-11.59329665 -0.00043174 -0.00002756 
-11.56828414 -0.00043404 -0.00002782 
-11.54327164 -0.00043636 -0.00002806 
-11.51825913 -0.00043870 -0.00002830 
-11.49324662 -0.00044106 -0.00002856 
-11.46823412 -0.00044344 -0.00002880 
-11.44322161 -0.00044582 -0.00002906 
-11.41820910 -0.00044824 -0.00002932 
-11.39319660 -0.00045070 -0.00002960 
-11.36818409 -0.00045316 -0.00002986 
-11.34317159 -0.00045564 -0.00003012 
-11.31815908 -0.00045816 -0.00003040 
-11.29314657 -0.00046068 -0.00003068 
-11.26813407 -0.00046324 -0.00003098 
-11.24312156 -0.00046582 -0.00003124 
-11.21810905 -0.00046842 -0.00003154 
-11.19309655 -0.00047104 -0.00003184 
-11.16808404 -0.00047370 -0.00003212 
-11.14307154 -0.00047636 -0.00003242 
-11.11805903 -0.00047908 -0.00003274 
-11.09304652 -0.00048180 -0.00003304 
-11.06803402 -0.00048456 -0.00003336 
-11.04302151 -0.00048732 -0.00003368 
-11.01800900 -0.00049014 -0.00003398 
-10.99299650 -0.00049298 -0.00003432 
-10.96798399 -0.00049582 -0.00003464 
-10.94297149 -0.00049872 -0.00003498 
-10.91795898 -0.00050162 -0.00003532 
-10.89294647 -0.00050456 -0.00003566 
-10.86793397 -0.00050752 -0.00003602 
-10.84292146 -0.00051052 -0.00003636 
-10.81790895 -0.00051354 -0.00003672 
-10.79289645 -0.00051660 -0.00003708 
-10.76788394 -0.00051968 -0.00003744 
-10.74287144 -0.00052282 -0.00003784 
-10.71785893 -0.00052596 -0.00003822 
-10.69284642 -0.00052914 -0.00003858 
-10.66783392 -0.00053236 -0.00003898 
-10.64282141 -0.00053560 -0.00003936 
-10.61780890 -0.00053888 -0.00003976 
-10.59279640 -0.00054218 -0.00004018 
-10.56778389 -0.00054552 -0.00004058 
-10.54277139 -0.00054890 -0.00004100 
-10.51775888 -0.00055232 -0.00004144 
-10.49274637 -0.00055576 -0.00004186 
-10.46773387 -0.00055924 -0.00004230 
-10.44272136 -0.00056276 -0.00004274 
-10.41770885 -0.00056632 -0.00004320 
-10.39269635 -0.00056990 -0.00004364 
-10.36768384 -0.00057354 -0.00004412 
-10.34267134 -0.00057722 -0.00004458 
-10.31765883 -0.00058092 -0.00004508 
-10.29264632 -0.00058466 -0.00004556 
-10.26763382 -0.00058846 -0.00004604 
-10.24262131 -0.00059230 -0.00004654 
-10.21760880 -0.00059616 -0.00004704 
-10.19259630 -0.00060006 -0.00004756 
-10.16758379 -0.00060402 -0.00004808 
-10.14257129 -0.00060802 -0.00004862 
-10.11755878 -0.00061206 -0.00004916 
-10.09254627 -0.00061616 -0.00004970 
-10.06753377 -0.00062028 -0.00005028 
-10.04252126 -0.00062446 -0.00005084 
-10.01750875 -0.00062868 -0.00005142 
 -9.99249625 -0.00063296 -0.00005200 
 -9.96748374 -0.00063728 -0.00005258 
 -9.94247124 -0.00064164 -0.00005320 
 -9.91745873 -0.00064608 -0.00005380 
 -9.89244622 -0.00065056 -0.00005442 
 -9.86743372 -0.00065508 -0.00005506 
 -9.84242121 -0.00065964 -0.00005570 
 -9.81740870 -0.00066426 -0.00005636 
 -9.79239620 -0.00066896 -0.00005702 
 -9.76738369 -0.00067370 -0.00005770 
 -9.74237119 -0.00067848 -0.00005838 
 -9.71735868 -0.00068334 -0.00005910 
 -9.69234617 -0.00068824 -0.00005980 
 -9.66733367 -0.00069320 -0.00006052 
 -9.64232116 -0.00069824 -0.00006126 
 -9.61730865 -0.00070332 -0.00006202 
 -9.59229615 -0.00070846 -0.00006276 
 -9.56728364 -0.00071368 -0.00006354 
 -9.54227114 -0.00071896 -0.00006434 
 -9.51725863 -0.00072430 -0.00006514 
 -9.49224612 -0.00072972 -0.00006594 
 -9.46723362 -0.00073518 -0.00006678 
 -9.44222111 -0.00074072 -0.00006764 
 -9.41720860 -0.00074634 -0.00006848 
 -9.39219610 -0.00075202 -0.00006936 
 -9.36718359 -0.00075776 -0.00007026 
 -9.34217109 -0.00076362 -0.00007116 
 -9.31715858 -0.00076950 -0.00007210 
 -9.29214607 -0.00077548 -0.00007302 
 -9.26713357 -0.00078154 -0.00007398 
 -9.24212106 -0.00078768 -0.00007498 
 -9.21710855 -0.00079392 -0.00007596 
 -9.19209605 -0.00080020 -0.00007696 
 -9.16708354 -0.00080658 -0.00007800 
 -9.14207104 -0.00081306 -0.00007906 
 -9.11705853 -0.00081960 -0.00008012 
 -9.09204602 -0.00082626 -0.00008124 
 -9.06703352 -0.00083298 -0.00008236 
 -9.04202101 -0.00083980 -0.00008348 
 -9.01700850 -0.00084672 -0.00008464 
 -8.99199600 -0.00085374 -0.00008582 
 -8.96698349 -0.00086086 -0.00008702 
 -8.94197099 -0.00086806 -0.00008824 
 -8.91695848 -0.00087538 -0.00008950 
 -8.89194597 -0.00088278 -0.00009078 
 -8.86693347 -0.00089030 -0.00009208 
 -8.84192096 -0.00089792 -0.00009342 
 -8.81690845 -0.00090566 -0.00009478 
 -8.79189595 -0.00091352 -0.00009616 
 -8.76688344 -0.00092148 -0.00009756 
 -8.74187094 -0.00092954 -0.00009902 
 -8.71685843 -0.00093772 -0.00010048 
 -8.69184592 -0.00094604 -0.00010198 
 -8.66683342 -0.00095448 -0.00010352 
 -8.64182091 -0.00096306 -0.00010508 
 -8.61680840 -0.00097174 -0.00010668 
 -8.59179590 -0.00098056 -0.00010830 
 -8.56678339 -0.00098952 -0.00010998 
 -8.54177089 -0.00099860 -0.00011168 
 -8.51675838 -0.00100784 -0.00011342 
 -8.49174587 -0.00101722 -0.00011522 
 -8.46673337 -0.00102674 -0.00011702 
 -8.44172086 -0.00103640 -0.00011888 
 -8.41670835 -0.00104622 -0.00012078 
 -8.39169585 -0.00105622 -0.00012272 
 -8.36668334 -0.00106634 -0.00012472 
 -8.34167084 -0.00107664 -0.00012674 
 -8.31665833 -0.00108710 -0.00012882 
 -8.29164582 -0.00109774 -0.00013094 
 -8.26663332 -0.00110856 -0.00013312 
 -8.24162081 -0.00111954 -0.00013534 
 -8.21660830 -0.00113070 -0.00013762 
 -8.19159580 -0.00114206 -0.00013996 
 -8.16658329 -0.00115360 -0.00014234 
 -8.14157079 -0.00116534 -0.00014480 
 -8.11655828 -0.00117728 -0.00014730 
 -8.09154577 -0.00118942 -0.00014984 
 -8.06653327 -0.00120178 -0.00015246 
 -8.04152076 -0.00121434 -0.00015516 
 -8.01650825 -0.00122712 -0.00015790 
 -7.99149575 -0.00124012 -0.00016072 
 -7.96648324 -0.00125334 -0.00016362 
 -7.94147074 -0.00126682 -0.00016656 
 -7.91645823 -0.00128054 -0.00016960 
 -7.89144572 -0.00129448 -0.00017272 
 -7.86643322 -0.00130870 -0.00017590 
 -7.84142071 -0.00132316 -0.00017916 
 -7.81640820 -0.00133790 -0.00018252 
 -7.79139570 -0.00135290 -0.00018596 
 -7.76638319 -0.00136820 -0.00018948 
 -7.74137069 -0.00138376 -0.00019312 
 -7.71635818 -0.00139962 -0.00019682 
 -7.69134567 -0.00141582 -0.00020062 
 -7.66633317 -0.00143228 -0.00020454 
 -7.64132066 -0.00144908 -0.00020856 
 -7.61630815 -0.00146620 -0.00021268 
 -7.59129565 -0.00148366 -0.00021692 
 -7.56628314 -0.00150146 -0.00022124 
 -7.54127064 -0.00151960 -0.00022572 
 -7.51625813 -0.00153812 -0.00023030 
 -7.49124562 -0.00155700 -0.00023502 
 -7.46623312 -0.00157626 -0.00023986 
 -7.44122061 -0.00159594 -0.00024484 
 -7.41620810 -0.00161598 -0.00024994 
 -7.39119560 -0.00163646 -0.00025518 
 -7.36618309 -0.00165736 -0.00026058 
 -7.34117059 -0.00167872 -0.00026614 
 -7.31615808 -0.00170050 -0.00027184 
 -7.29114557 -0.00172276 -0.00027772 
 -7.26613307 -0.00174548 -0.00028376 
 -7.24112056 -0.00176870 -0.00028994 
 -7.21610805 -0.00179242 -0.00029634 
 -7.19109555 -0.00181666 -0.00030288 
 -7.16608304 -0.00184144 -0.00030964 
 -7.14107054 -0.00186678 -0.00031658 
 -7.11605803 -0.00189266 -0.00032372 
 -7.09104552 -0.00191914 -0.00033104 
 -7.06603302 -0.00194622 -0.00033860 
 -7.04102051 -0.00197392 -0.00034638 
 -7.01600800 -0.00200226 -0.00035434 
 -6.99099550 -0.00203124 -0.00036254 
 -6.96598299 -0.00206092 -0.00037098 
 -6.94097049 -0.00209128 -0.00037966 
 -6.91595798 -0.00212236 -0.00038856 
 -6.89094547 -0.00215418 -0.00039772 
 -6.86593297 -0.00218680 -0.00040710 
 -6.84092046 -0.00222018 -0.00041676 
 -6.81590795 -0.00225438 -0.00042666 
 -6.79089545 -0.00228942 -0.00043682 
 -6.76588294 -0.00232534 -0.00044724 
 -6.74087044 -0.00236216 -0.00045790 
 -6.71585793 -0.00239990 -0.00046882 
 -6.69084542 -0.00243862 -0.00048000 
 -6.66583292 -0.00247832 -0.00049140 
 -6.64082041 -0.00251906 -0.00050306 
 -6.61580790 -0.00256086 -0.00051494 
 -6.59079540 -0.00260378 -0.00052702 
 -6.56578289 -0.00264784 -0.00053928 
 -6.54077039 -0.00269310 -0.00055174 
 -6.51575788 -0.00273960 -0.00056430 
 -6.49074537 -0.00278740 -0.00057698 
 -6.46573287 -0.00283656 -0.00058972 
 -6.44072036 -0.00288712 -0.00060246 
 -6.41570785 -0.00293916 -0.00061516 
 -6.39069535 -0.00299278 -0.00062772 
 -6.36568284 -0.00304804 -0.00064006 
 -6.34067034 -0.00310502 -0.00065210 
 -6.31565783 -0.00316386 -0.00066368 
 -6.29064532 -0.00322464 -0.00067466 
 -6.26563282 -0.00328754 -0.00068488 
 -6.24062031 -0.00335272 -0.00069410 
 -6.21560780 -0.00342036 -0.00070214 
 -6.19059530 -0.00349068 -0.00070868 
 -6.16558279 -0.00356400 -0.00071342 
 -6.14057029 -0.00364060 -0.00071592 
 -6.11555778 -0.00372086 -0.00071580 
 -6.09054527 -0.00380532 -0.00071250 
 -6.06553277 -0.00389452 -0.00070544 
 -6.04052026 -0.00398922 -0.00069390 
 -6.01550775 -0.00409028 -0.00067712 
 -5.99049525 -0.00419882 -0.00065416 
 -5.96548274 -0.00431622 -0.00062402 
 -5.94047024 -0.00444420 -0.00058554 
 -5.91545773 -0.00458490 -0.00053748 
 -5.89044522 -0.00474104 -0.00047844 
 -5.86543272 -0.00491600 -0.00040700 
 -5.84042021 -0.00511402 -0.00032176 
 -5.81540770 -0.00534038 -0.00022144 
 -5.79039520 -0.00560172 -0.00010502 
 -5.76538269 -0.00590624  0.00002786 
 -5.74037019 -0.00626410  0.00017660 
 -5.71535768 -0.00668760  0.00033892 
 -5.69034517 -0.00719156  0.00051008 
 -5.66533267 -0.00779330  0.00068158 
 -5.64032016 -0.00851248  0.00083972 
 -5.61530765 -0.00937032  0.00096350 
 -5.59029515 -0.01038786  0.00102244 
 -5.56528264 -0.01158302  0.00097430 
 -5.54027014 -0.01296606  0.00076340 
 -5.51525763 -0.01453304  0.00032048 
 -5.49024512 -0.01625792 -0.00043454 
 -5.46523262 -0.01808444 -0.00158546 
 -5.44022011 -0.01992060 -0.00320760 
 -5.41520760 -0.02163838 -0.00535148 
 -5.39019510 -0.02308260 -0.00802522 
 -5.36518259 -0.02408880 -0.01118158 
 -5.34017009 -0.02450744 -0.01471478 
 -5.31515758 -0.02422732 -0.01846994 
 -5.29014507 -0.02319108 -0.02226190 
 -5.26513257 -0.02140008 -0.02589738 
 -5.24012006 -0.01891018 -0.02919350 
 -5.21510755 -0.01582420 -0.03199142 
 -5.19009505 -0.01228324 -0.03416680 
 -5.16508254 -0.00845676 -0.03563988 
 -5.14007004 -0.00452800 -0.03638376 
 -5.11505753 -0.00067474 -0.03642694 
 -5.09004502  0.00295016 -0.03584694 
 -5.06503252  0.00623334 -0.03475518 
 -5.04002001  0.00910612 -0.03327850 
 -5.01500750  0.01154128 -0.03154214 
 -4.98999500  0.01354412 -0.02965854 
 -4.96498249  0.01514270 -0.02772182 
 -4.93996998  0.01637900 -0.02580674 
 -4.91495748  0.01730276 -0.02396982 
 -4.88994497  0.01796682 -0.02225112 
 -4.86493247  0.01842396 -0.02067646 
 -4.83991996  0.01872444 -0.01925962 
 -4.81490745  0.01891438 -0.01800454 
 -4.78989495  0.01903466 -0.01690798 
 -4.76488244  0.01912100 -0.01596174 
 -4.73986993  0.01920474 -0.01515456 
 -4.71485743  0.01931418 -0.01447312 
 -4.68984492  0.01947610 -0.01390192 
 -4.66483242  0.01971672 -0.01342224 
 -4.63981991  0.02006200 -0.01301042 
 -4.61480740  0.02053666 -0.01263564 
 -4.58979490  0.02116194 -0.01225782 
 -4.56478239  0.02195168 -0.01182618 
 -4.53976988  0.02290688 -0.01127910 
 -4.51475738  0.02400898 -0.01054700 
 -4.48974487  0.02521294 -0.00955894 
 -4.46473237  0.02644316 -0.00825374 
 -4.43971986  0.02759452 -0.00659540 
 -4.41470735  0.02854224 -0.00458864 
 -4.38969485  0.02916112 -0.00228990 
 -4.36468234  0.02935074  0.00019286 
 -4.33966983  0.02905958  0.00271450 
 -4.31465733  0.02829884  0.00511916 
 -4.28964482  0.02714022  0.00727064 
 -4.26463232  0.02569868  0.00907658 
 -4.23961981  0.02410638  0.01049968 
 -4.21460730  0.02248746  0.01155424 
 -4.18959480  0.02094026  0.01229280 
 -4.16458229  0.01952924  0.01278910 
 -4.13956978  0.01828564  0.01312242 
 -4.11455728  0.01721288  0.01336660 
 -4.08954477  0.01629408  0.01358378 
 -4.06453227  0.01549890  0.01382188 
 -4.03951976  0.01478900  0.01411446 
 -4.01450725  0.01412188  0.01448162 
 -3.98949475  0.01345316  0.01493084 
 -3.96448224  0.01273842  0.01545736 
 -3.93946973  0.01193494  0.01604388 
 -3.91445723  0.01100400  0.01665964 
 -3.88944472  0.00991474  0.01725966 
 -3.86443222  0.00864962  0.01778490 
 -3.83941971  0.00721138  0.01816480 
 -3.81440720  0.00563056  0.01832382 
 -3.78939470  0.00397086  0.01819290 
 -3.76438219  0.00232944  0.01772546 
 -3.73936968  0.00082810  0.01691504 
 -3.71435718 -0.00040550  0.01580872 
 -3.68934467 -0.00126480  0.01451006 
 -3.66433217 -0.00169120  0.01316700 
 -3.63931966 -0.00169266  0.01194602 
 -3.61430715 -0.00134660  0.01099968 
 -3.58929465 -0.00078630  0.01043762 
 -3.56428214 -0.00017682  0.01030828 
 -3.53926963  0.00031252  0.01059420 
 -3.51425713  0.00053240  0.01121786 
 -3.48924462  0.00037168  0.01205458 
 -3.46423212 -0.00023018  0.01294866 
 -3.43921961 -0.00127594  0.01373162 
 -3.41420710 -0.00270870  0.01424196 
 -3.38919460 -0.00441560  0.01434564 
 -3.36418209 -0.00623936  0.01395642 
 -3.33916958 -0.00799820  0.01305204 
 -3.31415708 -0.00951340  0.01168160 
 -3.28914457 -0.01063970  0.00995954 
 -3.26413207 -0.01129062  0.00804490 
 -3.23911956 -0.01145040  0.00611038 
 -3.21410705 -0.01116904  0.00431004 
 -3.18909455 -0.01054302  0.00275580 
 -3.16408204 -0.00968924  0.00150766 
 -3.13906953 -0.00872140  0.00057746 
 -3.11405703 -0.00773414 -0.00005852 
 -3.08904452 -0.00679612 -0.00044474 
 -3.06403202 -0.00595052 -0.00063332 
 -3.03901951 -0.00521976 -0.00067504 
 -3.01400700 -0.00461132 -0.00061458 
 -2.98899450 -0.00412326 -0.00048876 
 -2.96398199 -0.00374854 -0.00032716 
 -2.93896948 -0.00347766 -0.00015340 
 -2.91395698 -0.00329992  0.00001300 
 -2.88894447 -0.00320384  0.00015506 
 -2.86393197 -0.00317624  0.00025750 
 -2.83891946 -0.00320130  0.00030648 
 -2.81390695 -0.00325916  0.00029072 
 -2.78889445 -0.00332552  0.00020382 
 -2.76388194 -0.00337246  0.00004700 
 -2.73886943 -0.00337152 -0.00016772 
 -2.71385693 -0.00329874 -0.00041654 
 -2.68884442 -0.00314054 -0.00066566 
 -2.66383192 -0.00289850 -0.00087636 
 -2.63881941 -0.00259078 -0.00101256 
 -2.61380690 -0.00224954 -0.00104804 
 -2.58879440 -0.00191498 -0.00097130 
 -2.56378189 -0.00162872 -0.00078668 
 -2.53876938 -0.00142784 -0.00051274 
 -2.51375688 -0.00134132 -0.00017882 
 -2.48874437 -0.00138812  0.00017828 
 -2.46373187 -0.00157642  0.00051688 
 -2.43871936 -0.00190254  0.00079268 
 -2.41370685 -0.00234964  0.00096106 
 -2.38869435 -0.00288616  0.00098082 
 -2.36368184 -0.00346522  0.00081954 
 -2.33866933 -0.00402672  0.00046066 
 -2.31365683 -0.00450324 -0.00009002 
 -2.28864432 -0.00483022 -0.00080046 
 -2.26363182 -0.00495802 -0.00161414 
 -2.23861931 -0.00486232 -0.00245856 
 -2.21360680 -0.00454914 -0.00325832 
 -2.18859430 -0.00405216 -0.00394896 
 -2.16358179 -0.00342364 -0.00448702 
 -2.13856928 -0.00272238 -0.00485374 
 -2.11355678 -0.00200314 -0.00505252 
 -2.08854427 -0.00130942 -0.00510248 
 -2.06353177 -0.00067110 -0.00503114 
 -2.03851926 -0.00010486 -0.00486818 
 -2.01350675  0.00038292 -0.00464120 
 -1.98849425  0.00079326 -0.00437350 
 -1.96348174  0.00113166 -0.00408332 
 -1.93846923  0.00140582 -0.00378404 
 -1.91345673  0.00162402 -0.00348486 
 -1.88844422  0.00179406 -0.00319170 
 -1.86343172  0.00192262 -0.00290826 
 -1.83841921  0.00201510 -0.00263682 
 -1.81340670  0.00207578 -0.00237922 
 -1.78839420  0.00210828 -0.00213714 
 -1.76338169  0.00211610 -0.00191242 
 -1.73836918  0.00210284 -0.00170674 
 -1.71335668  0.00207250 -0.00152142 
 -1.68834417  0.00202940 -0.00135698 
 -1.66333167  0.00197764 -0.00121310 
 -1.63831916  0.00192104 -0.00108860 
 -1.61330665  0.00186268 -0.00098158 
 -1.58829415  0.00180486 -0.00088988 
 -1.56328164  0.00174914 -0.00081120 
 -1.53826913  0.00169644 -0.00074334 
 -1.51325663  0.00164716 -0.00068444 
 -1.48824412  0.00160138 -0.00063286 
 -1.46323162  0.00155900 -0.00058732 
 -1.43821911  0.00151976 -0.00054672 
 -1.41320660  0.00148340 -0.00051030 
 -1.38819410  0.00144964 -0.00047736 
 -1.36318159  0.00141822 -0.00044738 
 -1.33816908  0.00138884 -0.00042004 
 -1.31315658  0.00136134 -0.00039492 
 -1.28814407  0.00133554 -0.00037180 
 -1.26313157  0.00131120 -0.00035046 
 -1.23811906  0.00128826 -0.00033070 
 -1.21310655  0.00126654 -0.00031240 
 -1.18809405  0.00124598 -0.00029542 
 -1.16308154  0.00122646 -0.00027960 
 -1.13806903  0.00120792 -0.00026488 
 -1.11305653  0.00119026 -0.00025114 
 -1.08804402  0.00117344 -0.00023834 
 -1.06303152  0.00115740 -0.00022638 
 -1.03801901  0.00114210 -0.00021516 
 -1.01300650  0.00112746 -0.00020470 
 -0.98799400  0.00111346 -0.00019486 
 -0.96298149  0.00110008 -0.00018566 
 -0.93796898  0.00108728 -0.00017702 
 -0.91295648  0.00107498 -0.00016890 
 -0.88794397  0.00106320 -0.00016126 
 -0.86293147  0.00105190 -0.00015410 
 -0.83791896  0.00104106 -0.00014734 
 -0.81290645  0.00103064 -0.00014098 
 -0.78789395  0.00102062 -0.00013498 
 -0.76288144  0.00101098 -0.00012932 
 -0.73786893  0.00100172 -0.00012396 
 -0.71285643  0.00099280 -0.00011892 
 -0.68784392  0.00098420 -0.00011414 
 -0.66283142  0.00097592 -0.00010962 
 -0.63781891  0.00096796 -0.00010532 
 -0.61280640  0.00096024 -0.00010126 
 -0.58779390  0.00095282 -0.00009742 
 -0.56278139  0.00094566 -0.00009376 
 -0.53776888  0.00093874 -0.00009030 
 -0.51275638  0.00093204 -0.00008702 
 -0.48774387  0.00092558 -0.00008388 
 -0.46273137  0.00091932 -0.00008092 
 -0.43771886  0.00091328 -0.00007808 
 -0.41270635  0.00090746 -0.00007536 
 -0.38769385  0.00090178 -0.00007280 
 -0.36268134  0.00089630 -0.00007034 
 -0.33766883  0.00089100 -0.00006802 
 -0.31265633  0.00088584 -0.00006578 
 -0.28764382  0.00088086 -0.00006366 
 -0.26263132  0.00087602 -0.00006162 
 -0.23761881  0.00087132 -0.00005968 
 -0.21260630  0.00086676 -0.00005780 
 -0.18759380  0.00086232 -0.00005602 
 -0.16258129  0.00085804 -0.00005430 
 -0.13756878  0.00085388 -0.00005268 
 -0.11255628  0.00084982 -0.00005110 
 -0.08754377  0.00084588 -0.00004960 
 -0.06253127  0.00084204 -0.00004816 
 -0.03751876  0.00083832 -0.00004676 
 -0.01250625  0.00083470 -0.00004544 
  0.01250625  0.00083118 -0.00004416 
  0.03751876  0.00082772 -0.00004292 
  0.06253127  0.00082440 -0.00004174 
  0.08754377  0.00082116 -0.00004060 
  0.11255628  0.00081798 -0.00003950 
  0.13756878  0.00081488 -0.00003844 
  0.16258129  0.00081188 -0.00003742 
  0.18759380  0.00080894 -0.00003644 
  0.21260630  0.00080610 -0.00003548 
  0.23761881  0.00080328 -0.00003458 
  0.26263132  0.00080058 -0.00003370 
  0.28764382  0.00079792 -0.00003284 
  0.31265633  0.00079532 -0.00003200 
  0.33766883  0.00079280 -0.00003120 
  0.36268134  0.00079036 -0.00003044 
  0.38769385  0.00078794 -0.00002968 
  0.41270635  0.00078560 -0.00002898 
  0.43771886  0.00078330 -0.00002828 
  0.46273137  0.00078104 -0.00002760 
  0.48774387  0.00077886 -0.00002694 
  0.51275638  0.00077672 -0.00002630 
  0.53776888  0.00077464 -0.00002568 
  0.56278139  0.00077260 -0.00002508 
  0.58779390  0.00077058 -0.00002450 
  0.61280640  0.00076864 -0.00002392 
  0.63781891  0.00076672 -0.00002338 
  0.66283142  0.00076486 -0.00002284 
  0.68784392  0.00076304 -0.00002232 
  0.71285643  0.00076126 -0.00002182 
  0.73786893  0.00075952 -0.00002132 
  0.76288144  0.00075780 -0.00002084 
  0.78789395  0.00075614 -0.00002038 
  0.81290645  0.00075450 -0.00001992 
  0.83791896  0.00075292 -0.00001948 
  0.86293147  0.00075134 -0.00001904 
  0.88794397  0.00074984 -0.00001862 
  0.91295648  0.00074832 -0.00001822 
  0.93796898  0.00074686 -0.00001782 
  0.96298149  0.00074544 -0.00001742 
  0.98799400  0.00074404 -0.00001704 
  1.01300650  0.00074266 -0.00001666 
  1.03801901  0.00074134 -0.00001630 
  1.06303152  0.00074002 -0.00001594 
  1.08804402  0.00073874 -0.00001560 
  1.11305653  0.00073748 -0.00001526 
  1.13806903  0.00073624 -0.00001492 
  1.16308154  0.00073506 -0.00001458 
  1.18809405  0.00073388 -0.00001426 
  1.21310655  0.00073272 -0.00001394 
  1.23811906  0.00073160 -0.00001364 
  1.26313157  0.00073050 -0.00001334 
  1.28814407  0.00072942 -0.00001304 
  1.31315658  0.00072836 -0.00001276 
  1.33816908  0.00072734 -0.00001248 
  1.36318159  0.00072632 -0.00001218 
  1.38819410  0.00072536 -0.00001192 
  1.41320660  0.00072438 -0.00001164 
  1.43821911  0.00072344 -0.00001138 
  1.46323162  0.00072252 -0.00001112 
  1.48824412  0.00072162 -0.00001086 
  1.51325663  0.00072074 -0.00001062 
  1.53826913  0.00071990 -0.00001036 
  1.56328164  0.00071906 -0.00001012 
  1.58829415  0.00071824 -0.00000988 
  1.61330665  0.00071744 -0.00000964 
  1.63831916  0.00071664 -0.00000940 
  1.66333167  0.00071590 -0.00000918 
  1.68834417  0.00071514 -0.00000896 
  1.71335668  0.00071442 -0.00000872 
  1.73836918  0.00071372 -0.00000850 
  1.76338169  0.00071304 -0.00000830 
  1.78839420  0.00071238 -0.00000808 
  1.81340670  0.00071170 -0.00000786 
  1.83841921  0.00071108 -0.00000766 
  1.86343172  0.00071044 -0.00000746 
  1.88844422  0.00070984 -0.00000726 
  1.91345673  0.00070928 -0.00000706 
  1.93846923  0.00070868 -0.00000686 
  1.96348174  0.00070814 -0.00000666 
  1.98849425  0.00070760 -0.00000646 
  2.01350675  0.00070708 -0.00000628 
  2.03851926  0.00070656 -0.00000608 
  2.06353177  0.00070608 -0.00000590 
  2.08854427  0.00070560 -0.00000572 
  2.11355678  0.00070514 -0.00000554 
  2.13856928  0.00070470 -0.00000536 
  2.16358179  0.00070426 -0.00000518 
  2.18859430  0.00070384 -0.00000500 
  2.21360680  0.00070344 -0.00000484 
  2.23861931  0.00070306 -0.00000464 
  2.26363182  0.00070266 -0.00000448 
  2.28864432  0.00070230 -0.00000430 
  2.31365683  0.00070198 -0.00000414 
  2.33866933  0.00070164 -0.00000398 
  2.36368184  0.00070132 -0.00000380 
  2.38869435  0.00070100 -0.00000364 
  2.41370685  0.00070072 -0.00000348 
  2.43871936  0.00070044 -0.00000332 
  2.46373187  0.00070018 -0.00000314 
  2.48874437  0.00069992 -0.00000300 
  2.51375688  0.00069970 -0.00000284 
  2.53876938  0.00069946 -0.00000268 
  2.56378189  0.00069924 -0.00000252 
  2.58879440  0.00069904 -0.00000236 
  2.61380690  0.00069886 -0.00000220 
  2.63881941  0.00069868 -0.00000206 
  2.66383192  0.00069854 -0.00000190 
  2.68884442  0.00069838 -0.00000176 
  2.71385693  0.00069824 -0.00000158 
  2.73886943  0.00069812 -0.00000144 
  2.76388194  0.00069802 -0.00000130 
  2.78889445  0.00069790 -0.00000114 
  2.81390695  0.00069782 -0.00000098 
  2.83891946  0.00069776 -0.00000084 
  2.86393197  0.00069770 -0.00000070 
  2.88894447  0.00069764 -0.00000054 
  2.91395698  0.00069760 -0.00000040 
  2.93896948  0.00069760 -0.00000026 
  2.96398199  0.00069756 -0.00000010 
  2.98899450  0.00069756  0.00000002 
  3.01400700  0.00069758  0.00000020 
  3.03901951  0.00069760  0.00000034 
  3.06403202  0.00069764  0.00000048 
  3.08904452  0.00069768  0.00000062 
  3.11405703  0.00069774  0.00000074 
  3.13906953  0.00069780  0.00000090 
  3.16408204  0.00069790  0.00000104 
  3.18909455  0.00069798  0.00000118 
  3.21410705  0.00069810  0.00000132 
  3.23911956  0.00069820  0.00000146 
  3.26413207  0.00069834  0.00000162 
  3.28914457  0.00069848  0.00000174 
  3.31415708  0.00069864  0.00000190 
  3.33916958  0.00069880  0.00000204 
  3.36418209  0.00069898  0.00000216 
  3.38919460  0.00069916  0.00000230 
  3.41420710  0.00069936  0.00000246 
  3.43921961  0.00069956  0.00000260 
  3.46423212  0.00069978  0.00000272 
  3.48924462  0.00070004  0.00000288 
  3.51425713  0.00070028  0.00000300 
  3.53926963  0.00070052  0.00000316 
  3.56428214  0.00070080  0.00000330 
  3.58929465  0.00070108  0.00000344 
  3.61430715  0.00070138  0.00000358 
  3.63931966  0.00070168  0.00000374 
  3.66433217  0.00070198  0.00000386 
  3.68934467  0.00070232  0.00000400 
  3.71435718  0.00070266  0.00000414 
  3.73936968  0.00070302  0.00000428 
  3.76438219  0.00070338  0.00000442 
  3.78939470  0.00070376  0.00000456 
  3.81440720  0.00070414  0.00000470 
  3.83941971  0.00070454  0.00000484 
  3.86443222  0.00070494  0.00000500 
  3.88944472  0.00070536  0.00000514 
  3.91445723  0.00070580  0.00000528 
  3.93946973  0.00070624  0.00000542 
  3.96448224  0.00070670  0.00000556 
  3.98949475  0.00070718  0.00000572 
  4.01450725  0.00070764  0.00000586 
  4.03951976  0.00070814  0.00000600 
  4.06453227  0.00070866  0.00000614 
  4.08954477  0.00070918  0.00000630 
  4.11455728  0.00070970  0.00000644 
  4.13956978  0.00071024  0.00000658 
  4.16458229  0.00071078  0.00000674 
  4.18959480  0.00071136  0.00000688 
  4.21460730  0.00071192  0.00000704 
  4.23961981  0.00071252  0.00000718 
  4.26463232  0.00071312  0.00000732 
  4.28964482  0.00071374  0.00000748 
  4.31465733  0.00071438  0.00000762 
  4.33966983  0.00071500  0.00000778 
  4.36468234  0.00071566  0.00000792 
  4.38969485  0.00071632  0.00000810 
  4.41470735  0.00071700  0.00000824 
  4.43971986  0.00071770  0.00000838 
  4.46473237  0.00071840  0.00000856 
  4.48974487  0.00071910  0.00000870 
  4.51475738  0.00071986  0.00000886 
  4.53976988  0.00072058  0.00000902 
  4.56478239  0.00072132  0.00000918 
  4.58979490  0.00072210  0.00000932 
  4.61480740  0.00072290  0.00000948 
  4.63981991  0.00072368  0.00000966 
  4.66483242  0.00072448  0.00000982 
  4.68984492  0.00072532  0.00000998 
  4.71485743  0.00072616  0.00001014 
  4.73986993  0.00072698  0.00001028 
  4.76488244  0.00072784  0.00001048 
  4.78989495  0.00072874  0.00001062 
  4.81490745  0.00072962  0.00001078 
  4.83991996  0.00073052  0.00001096 
  4.86493247  0.00073144  0.00001112 
  4.88994497  0.00073238  0.00001130 
  4.91495748  0.00073332  0.00001148 
  4.93996998  0.00073428  0.00001164 
  4.96498249  0.00073524  0.00001182 
  4.98999500  0.00073622  0.00001198 
  5.01500750  0.00073722  0.00001216 
  5.04002001  0.00073826  0.00001236 
  5.06503252  0.00073930  0.00001252 
  5.09004502  0.00074034  0.00001270 
  5.11505753  0.00074138  0.00001288 
  5.14007004  0.00074248  0.00001306 
  5.16508254  0.00074356  0.00001326 
  5.19009505  0.00074466  0.00001344 
  5.21510755  0.00074578  0.00001362 
  5.24012006  0.00074692  0.00001380 
  5.26513257  0.00074808  0.00001400 
  5.29014507  0.00074924  0.00001418 
  5.31515758  0.00075042  0.00001436 
  5.34017009  0.00075162  0.00001456 
  5.36518259  0.00075284  0.00001476 
  5.39019510  0.00075408  0.00001494 
  5.41520760  0.00075534  0.00001516 
  5.44022011  0.00075660  0.00001536 
  5.46523262  0.00075788  0.00001556 
  5.49024512  0.00075918  0.00001574 
  5.51525763  0.00076048  0.00001596 
  5.54027014  0.00076182  0.00001618 
  5.56528264  0.00076318  0.00001638 
  5.59029515  0.00076454  0.00001658 
  5.61530765  0.00076592  0.00001680 
  5.64032016  0.00076734  0.00001702 
  5.66533267  0.00076874  0.00001724 
  5.69034517  0.00077018  0.00001744 
  5.71535768  0.00077164  0.00001766 
  5.74037019  0.00077312  0.00001790 
  5.76538269  0.00077460  0.00001812 
  5.79039520  0.00077610  0.00001834 
  5.81540770  0.00077764  0.00001856 
  5.84042021  0.00077920  0.00001880 
  5.86543272  0.00078076  0.00001902 
  5.89044522  0.00078234  0.00001926 
  5.91545773  0.00078396  0.00001950 
  5.94047024  0.00078558  0.00001974 
  5.96548274  0.00078722  0.00001998 
  5.99049525  0.00078890  0.00002024 
  6.01550775  0.00079058  0.00002048 
  6.04052026  0.00079230  0.00002074 
  6.06553277  0.00079402  0.00002098 
  6.09054527  0.00079576  0.00002124 
  6.11555778  0.00079754  0.00002148 
  6.14057029  0.00079934  0.00002174 
  6.16558279  0.00080114  0.00002202 
  6.19059530  0.00080298  0.00002228 
  6.21560780  0.00080484  0.00002256 
  6.24062031  0.00080672  0.00002282 
  6.26563282  0.00080862  0.00002310 
  6.29064532  0.00081054  0.00002336 
  6.31565783  0.00081250  0.00002366 
  6.34067034  0.00081446  0.00002394 
  6.36568284  0.00081646  0.00002422 
  6.39069535  0.00081848  0.00002452 
  6.41570785  0.00082052  0.00002482 
  6.44072036  0.00082258  0.00002512 
  6.46573287  0.00082468  0.00002542 
  6.49074537  0.00082678  0.00002572 
  6.51575788  0.00082894  0.00002604 
  6.54077039  0.00083110  0.00002634 
  6.56578289  0.00083330  0.00002666 
  6.59079540  0.00083552  0.00002698 
  6.61580790  0.00083778  0.00002730 
  6.64082041  0.00084004  0.00002764 
  6.66583292  0.00084234  0.00002796 
  6.69084542  0.00084468  0.00002830 
  6.71585793  0.00084702  0.00002864 
  6.74087044  0.00084940  0.00002898 
  6.76588294  0.00085182  0.00002934 
  6.79089545  0.00085426  0.00002968 
  6.81590795  0.00085674  0.00003004 
  6.84092046  0.00085924  0.00003042 
  6.86593297  0.00086176  0.00003078 
  6.89094547  0.00086434  0.00003114 
  6.91595798  0.00086692  0.00003154 
  6.94097049  0.00086956  0.00003190 
  6.96598299  0.00087220  0.00003230 
  6.99099550  0.00087488  0.00003268 
  7.01600800  0.00087760  0.00003308 
  7.04102051  0.00088036  0.00003350 
  7.06603302  0.00088314  0.00003390 
  7.09104552  0.00088596  0.00003430 
  7.11605803  0.00088882  0.00003474 
  7.14107054  0.00089172  0.00003516 
  7.16608304  0.00089464  0.00003558 
  7.19109555  0.00089760  0.00003604 
  7.21610805  0.00090060  0.00003648 
  7.24112056  0.00090362  0.00003694 
  7.26613307  0.00090670  0.00003740 
  7.29114557  0.00090982  0.00003786 
  7.31615808  0.00091296  0.00003834 
  7.34117059  0.00091614  0.00003880 
  7.36618309  0.00091938  0.00003930 
  7.39119560  0.00092264  0.00003978 
  7.41620810  0.00092596  0.00004030 
  7.44122061  0.00092930  0.00004080 
  7.46623312  0.00093268  0.00004132 
  7.49124562  0.00093610  0.00004184 
  7.51625813  0.00093960  0.00004236 
  7.54127064  0.00094310  0.00004290 
  7.56628314  0.00094668  0.00004346 
  7.59129565  0.00095030  0.00004402 
  7.61630815  0.00095396  0.00004460 
  7.64132066  0.00095766  0.00004516 
  7.66633317  0.00096140  0.00004576 
  7.69134567  0.00096520  0.00004634 
  7.71635818  0.00096906  0.00004694 
  7.74137069  0.00097296  0.00004756 
  7.76638319  0.00097690  0.00004818 
  7.79139570  0.00098090  0.00004882 
  7.81640820  0.00098496  0.00004948 
  7.84142071  0.00098906  0.00005012 
  7.86643322  0.00099324  0.00005080 
  7.89144572  0.00099744  0.00005146 
  7.91645823  0.00100172  0.00005218 
  7.94147074  0.00100604  0.00005288 
  7.96648324  0.00101044  0.00005358 
  7.99149575  0.00101488  0.00005432 
  8.01650825  0.00101940  0.00005506 
  8.04152076  0.00102396  0.00005582 
  8.06653327  0.00102860  0.00005658 
  8.09154577  0.00103328  0.00005736 
  8.11655828  0.00103804  0.00005816 
  8.14157079  0.00104286  0.00005898 
  8.16658329  0.00104776  0.00005980 
  8.19159580  0.00105270  0.00006064 
  8.21660830  0.00105774  0.00006150 
  8.24162081  0.00106284  0.00006236 
  8.26663332  0.00106802  0.00006326 
  8.29164582  0.00107324  0.00006416 
  8.31665833  0.00107856  0.00006510 
  8.34167084  0.00108396  0.00006604 
  8.36668334  0.00108942  0.00006700 
  8.39169585  0.00109498  0.00006798 
  8.41670835  0.00110062  0.00006896 
  8.44172086  0.00110632  0.00007000 
  8.46673337  0.00111212  0.00007102 
  8.49174587  0.00111800  0.00007208 
  8.51675838  0.00112396  0.00007318 
  8.54177089  0.00113002  0.00007428 
  8.56678339  0.00113618  0.00007540 
  8.59179590  0.00114240  0.00007656 
  8.61680840  0.00114874  0.00007774 
  8.64182091  0.00115516  0.00007894 
  8.66683342  0.00116170  0.00008016 
  8.69184592  0.00116832  0.00008142 
  8.71685843  0.00117506  0.00008270 
  8.74187094  0.00118190  0.00008398 
  8.76688344  0.00118882  0.00008532 
  8.79189595  0.00119588  0.00008668 
  8.81690845  0.00120304  0.00008810 
  8.84192096  0.00121032  0.00008952 
  8.86693347  0.00121770  0.00009098 
  8.89194597  0.00122522  0.00009246 
  8.91695848  0.00123286  0.00009400 
  8.94197099  0.00124062  0.00009556 
  8.96698349  0.00124850  0.00009716 
  8.99199600  0.00125650  0.00009878 
  9.01700850  0.00126464  0.00010046 
  9.04202101  0.00127294  0.00010218 
  9.06703352  0.00128136  0.00010392 
  9.09204602  0.00128992  0.00010574 
  9.11705853  0.00129862  0.00010756 
  9.14207104  0.00130748  0.00010944 
  9.16708354  0.00131650  0.00011138 
  9.19209605  0.00132566  0.00011338 
  9.21710855  0.00133500  0.00011540 
  9.24212106  0.00134450  0.00011748 
  9.26713357  0.00135418  0.00011962 
  9.29214607  0.00136398  0.00012180 
  9.31715858  0.00137402  0.00012406 
  9.34217109  0.00138420  0.00012636 
  9.36718359  0.00139458  0.00012874 
  9.39219610  0.00140516  0.00013118 
  9.41720860  0.00141594  0.00013368 
  9.44222111  0.00142690  0.00013626 
  9.46723362  0.00143808  0.00013888 
  9.49224612  0.00144946  0.00014160 
  9.51725863  0.00146106  0.00014438 
  9.54227114  0.00147290  0.00014726 
  9.56728364  0.00148496  0.00015020 
  9.59229615  0.00149726  0.00015324 
  9.61730865  0.00150978  0.00015636 
  9.64232116  0.00152258  0.00015956 
  9.66733367  0.00153564  0.00016288 
  9.69234617  0.00154894  0.00016630 
  9.71735868  0.00156252  0.00016980 
  9.74237119  0.00157638  0.00017342 
  9.76738369  0.00159054  0.00017716 
  9.79239620  0.00160498  0.00018102 
  9.81740870  0.00161974  0.00018498 
  9.84242121  0.00163480  0.00018906 
  9.86743372  0.00165018  0.00019328 
  9.89244622  0.00166592  0.00019766 
  9.91745873  0.00168198  0.00020218 
  9.94247124  0.00169842  0.00020682 
  9.96748374  0.00171520  0.00021162 
  9.99249625  0.00173236  0.00021662 
 10.01750875  0.00174994  0.00022174 
 10.04252126  0.00176790  0.00022708 
 10.06753377  0.00178628  0.00023258 
 10.09254627  0.00180508  0.00023828 
 10.11755878  0.00182432  0.00024420 
 10.14257129  0.00184406  0.00025030 
 10.16758379  0.00186424  0.00025666 
 10.19259630  0.00188492  0.00026324 
 10.21760880  0.00190610  0.00027008 
 10.24262131  0.00192782  0.00027714 
 10.26763382  0.00195010  0.00028450 
 10.29264632  0.00197292  0.00029214 
 10.31765883  0.00199634  0.00030008 
 10.34267134  0.00202036  0.00030834 
 10.36768384  0.00204502  0.00031692 
 10.39269635  0.00207032  0.00032586 
 10.41770885  0.00209630  0.00033516 
 10.44272136  0.00212300  0.00034488 
 10.46773387  0.00215042  0.00035496 
 10.49274637  0.00217860  0.00036550 
 10.51775888  0.00220758  0.00037650 
 10.54277139  0.00223736  0.00038798 
 10.56778389  0.00226802  0.00039996 
 10.59279640  0.00229954  0.00041252 
 10.61780890  0.00233200  0.00042562 
 10.64282141  0.00236544  0.00043932 
 10.66783392  0.00239986  0.00045370 
 10.69284642  0.00243534  0.00046874 
 10.71785893  0.00247192  0.00048452 
 10.74287144  0.00250962  0.00050108 
 10.76788394  0.00254852  0.00051848 
 10.79289645  0.00258866  0.00053674 
 10.81790895  0.00263008  0.00055596 
 10.84292146  0.00267288  0.00057616 
 10.86793397  0.00271708  0.00059744 
 10.89294647  0.00276276  0.00061986 
 10.91795898  0.00280998  0.00064354 
 10.94297149  0.00285884  0.00066852 
 10.96798399  0.00290940  0.00069492 
 10.99299650  0.00296172  0.00072282 
 11.01800900  0.00301592  0.00075236 
 11.04302151  0.00307208  0.00078366 
 11.06803402  0.00313028  0.00081686 
 11.09304652  0.00319064  0.00085208 
 11.11805903  0.00325324  0.00088954 
 11.14307154  0.00331820  0.00092936 
 11.16808404  0.00338566  0.00097178 
 11.19309655  0.00345574  0.00101700 
 11.21810905  0.00352854  0.00106524 
 11.24312156  0.00360422  0.00111680 
 11.26813407  0.00368292  0.00117196 
 11.29314657  0.00376480  0.00123106 
 11.31815908  0.00385002  0.00129444 
 11.34317159  0.00393874  0.00136250 
 11.36818409  0.00403112  0.00143572 
 11.39319660  0.00412736  0.00151456 
 11.41820910  0.00422764  0.00159964 
 11.44322161  0.00433216  0.00169152 
 11.46823412  0.00444112  0.00179096 
 11.49324662  0.00455472  0.00189872 
 11.51825913  0.00467316  0.00201578 
 11.54327164  0.00479666  0.00214314 
 11.56828414  0.00492538  0.00228202 
 11.59329665  0.00505956  0.00243378 
 11.61830915  0.00519936  0.00260002 
 11.64332166  0.00534486  0.00278262 
 11.66833417  0.00549616  0.00298380 
 11.69334667  0.00565322  0.00320620 
 11.71835918  0.00581574  0.00345294 
 11.74337169  0.00598328  0.00372782 
 11.76838419  0.00615482  0.00403544 
 11.79339670  0.00632866  0.00438128 
 11.81840920  0.00650198  0.00477206 
 11.84342171  0.00667014  0.00521560 
 11.86843422  0.00682604  0.00572082 
 11.89344672  0.00695886  0.00629740 
 11.91845923  0.00705284  0.00695468 
 11.94347174  0.00708612  0.00769986 
 11.96848424  0.00703000  0.00853506 
 11.99349675  0.00684972  0.00945336 
 12.01850925  0.00650736  0.01043438 
 12.04352176  0.00596774  0.01144100 
 12.06853427  0.00520690  0.01241908 
 12.09354677  0.00422076  0.01330208 
 12.11855928  0.00303160  0.01402070 
 12.14357179  0.00168820  0.01451564 
 12.16858429  0.00025914  0.01474920 
 12.19359680 -0.00117894  0.01471168 
 12.21860930 -0.00255434  0.01442072 
 12.24362181 -0.00381034  0.01391488 
 12.26863432 -0.00491000  0.01324428 
 12.29364682 -0.00583632  0.01246138 
 12.31865933 -0.00658872  0.01161434 
 12.34367184 -0.00717824  0.01074302 
 12.36868434 -0.00762268  0.00987790 
 12.39369685 -0.00794290  0.00904026 
 12.41870935 -0.00815998  0.00824378 
 12.44372186 -0.00829364  0.00749602 
 12.46873437 -0.00836128  0.00680004 
 12.49374687 -0.00837782  0.00615580 
 12.51875938 -0.00835564  0.00556124 
 12.54377189 -0.00830484  0.00501296 
 12.56878439 -0.00823350  0.00450696 
 12.59379690 -0.00814806  0.00403882 
 12.61880940 -0.00805348  0.00360404 
 12.64382191 -0.00795360  0.00319826 
 12.66883442 -0.00785134  0.00281716 
 12.69384692 -0.00774882  0.00245670 
 12.71885943 -0.00764754  0.00211290 
 12.74387194 -0.00754846  0.00178208 
 12.76888444 -0.00745202  0.00146054 
 12.79389695 -0.00735830  0.00114480 
 12.81890945 -0.00726694  0.00083136 
 12.84392196 -0.00717714  0.00051678 
 12.86893447 -0.00708766  0.00019758 
 12.89394697 -0.00699668 -0.00012974 
 12.91895948 -0.00690184 -0.00046880 
 12.94397199 -0.00679998 -0.00082318 
 12.96898449 -0.00668704 -0.00119654 
 12.99399700 -0.00655782 -0.00159246 
 13.01900950 -0.00640574 -0.00201428 
 13.04402201 -0.00622258 -0.00246488 
 13.06903452 -0.00599802 -0.00294634 
 13.09404702 -0.00571948 -0.00345922 
 13.11905953 -0.00537170 -0.00400188 
 13.14407204 -0.00493656 -0.00456924 
 13.16908454 -0.00439334 -0.00515118 
 13.19409705 -0.00371932 -0.00573068 
 13.21910955 -0.00289128 -0.00628142 
 13.24412206 -0.00188838 -0.00676542 
 13.26913457 -0.00069672 -0.00713116 
 13.29414707  0.00068424 -0.00731304 
 13.31915958  0.00223336 -0.00723402 
 13.34417209  0.00389930 -0.00681226 
 13.36918459  0.00559354 -0.00597374 
 13.39419710  0.00718952 -0.00466996 
 13.41920960  0.00853078 -0.00289792 
 13.44422211  0.00945060 -0.00071680 
 13.46923462  0.00980090  0.00174566 
 13.49424712  0.00948368  0.00430238 
 13.51925963  0.00847602  0.00673140 
 13.54427214  0.00684092  0.00881042 
 13.56928464  0.00472152  0.01035298 
 13.59429715  0.00231982  0.01123800 
 13.61930965 -0.00013416  0.01142774 
 13.64432216 -0.00241844  0.01097120 
 13.66933467 -0.00435290  0.00999196 
 13.69434717 -0.00582460  0.00866204 
 13.71935968 -0.00679752  0.00716766 
 13.74437219 -0.00730514  0.00567624 
 13.76938469 -0.00742970  0.00431314 
 13.79439720 -0.00727598  0.00315280 
 13.81940970 -0.00694826  0.00222296 
 13.84442221 -0.00653522  0.00151642 
 13.86943472 -0.00610354  0.00100492 
 13.89444722 -0.00569798  0.00065080 
 13.91945973 -0.00534496  0.00041508 
 13.94447224 -0.00505726  0.00026184 
 13.96948474 -0.00483830  0.00016000 
 13.99449725 -0.00468522  0.00008338 
 14.01950975 -0.00459076  0.00001038 
 14.04452226 -0.00454434 -0.00007646 
 14.06953477 -0.00453250 -0.00019056 
 14.09454727 -0.00453942 -0.00034062 
 14.11955978 -0.00454802 -0.00052994 
 14.14457229 -0.00454172 -0.00075584 
 14.16958479 -0.00450670 -0.00101004 
 14.19459730 -0.00443404 -0.00128012 
 14.21960980 -0.00432102 -0.00155216 
 14.24462231 -0.00417090 -0.00181376 
 14.26963482 -0.00399112 -0.00205644 
 14.29464732 -0.00379068 -0.00227682 
 14.31965983 -0.00357756 -0.00247620 
 14.34467234 -0.00335674 -0.00265922 
 14.36968484 -0.00312934 -0.00283178 
 14.39469735 -0.00289256 -0.00299924 
 14.41970985 -0.00264044 -0.00316486 
 14.44472236 -0.00236484 -0.00332856 
 14.46973487 -0.00205678 -0.00348620 
 14.49474737 -0.00170788 -0.00362906 
 14.51975988 -0.00131218 -0.00374374 
 14.54477239 -0.00086820 -0.00381270 
 14.56978489 -0.00038120 -0.00381560 
 14.59479740  0.00013506 -0.00373190 
 14.61980990  0.00065750 -0.00354484 
 14.64482241  0.00115490 -0.00324580 
 14.66983492  0.00159146 -0.00283850 
 14.69484742  0.00193284 -0.00234110 
 14.71985993  0.00215278 -0.00178492 
 14.74487244  0.00223872 -0.00120990 
 14.76988494  0.00219436 -0.00065734 
 14.79489745  0.00203812 -0.00016278 
 14.81990995  0.00179846  0.00024948 
 14.84492246  0.00150758  0.00056816 
 14.86993497  0.00119578  0.00079406 
 14.89494747  0.00088758  0.00093664 
 14.91995998  0.00060026  0.00101022 
 14.94497249  0.00034392  0.00103064 
 14.96998499  0.00012290  0.00101284 
 14.99499750 -0.00006258  0.00096952 
 15.02001001 -0.00021488  0.00091076 
 15.04502251 -0.00033772  0.00084404 
 15.07003502 -0.00043526  0.00077466 
 15.09504752 -0.00051166  0.00070622 
 15.12006003 -0.00057070  0.00064086 
 15.14507254 -0.00061566  0.00057988 
 15.17008504 -0.00064936  0.00052388 
 15.19509755 -0.00067410  0.00047304 
 15.22011006 -0.00069182  0.00042724 
 15.24512256 -0.00070396  0.00038624 
 15.27013507 -0.00071178  0.00034968 
 15.29514757 -0.00071626  0.00031714 
 15.32016008 -0.00071812  0.00028826 
 15.34517259 -0.00071800  0.00026264 
 15.37018509 -0.00071632  0.00023988 
 15.39519760 -0.00071350  0.00021972 
 15.42021011 -0.00070982  0.00020180 
 15.44522261 -0.00070548  0.00018588 
 15.47023512 -0.00070068  0.00017174 
 15.49524762 -0.00069554  0.00015914 
 15.52026013 -0.00069018  0.00014790 
 15.54527264 -0.00068470  0.00013784 
 15.57028514 -0.00067912  0.00012886 
 15.59529765 -0.00067352  0.00012082 
 15.62031016 -0.00066792  0.00011358 
 15.64532266 -0.00066234  0.00010708 
 15.67033517 -0.00065682  0.00010120 
 15.69534767 -0.00065138  0.00009590 
 15.72036018 -0.00064602  0.00009112 
 15.74537269 -0.00064074  0.00008678 
 15.77038519 -0.00063554  0.00008282 
 15.79539770 -0.00063044  0.00007922 
 15.82041021 -0.00062544  0.00007594 
 15.84542271 -0.00062054  0.00007296 
 15.87043522 -0.00061572  0.00007020 
 15.89544772 -0.00061100  0.00006768 
 15.92046023 -0.00060636  0.00006536 
 15.94547274 -0.00060182  0.00006324 
 15.97048524 -0.00059736  0.00006126 
 15.99549775 -0.00059298  0.00005942 
 16.02051026 -0.00058868  0.00005774 
 16.04552276 -0.00058446  0.00005618 
 16.07053527 -0.00058030  0.00005470 
 16.09554777 -0.00057624  0.00005334 
 16.12056028 -0.00057224  0.00005206 
 16.14557279 -0.00056830  0.00005086 
 16.17058529 -0.00056442  0.00004976 
 16.19559780 -0.00056060  0.00004868 
 16.22061031 -0.00055684  0.00004770 
 16.24562281 -0.00055314  0.00004674 
 16.27063532 -0.00054950  0.00004586 
 16.29564782 -0.00054592  0.00004502 
 16.32066033 -0.00054236  0.00004424 
 16.34567284 -0.00053888  0.00004346 
 16.37068534 -0.00053544  0.00004276 
 16.39569785 -0.00053204  0.00004204 
 16.42071036 -0.00052870  0.00004140 
 16.44572286 -0.00052540  0.00004076 
 16.47073537 -0.00052212  0.00004016 
 16.49574787 -0.00051890  0.00003958 
 16.52076038 -0.00051572  0.00003902 
 16.54577289 -0.00051258  0.00003848 
 16.57078539 -0.00050948  0.00003798 
 16.59579790 -0.00050640  0.00003746 
 16.62081041 -0.00050338  0.00003700 
 16.64582291 -0.00050038  0.00003652 
 16.67083542 -0.00049740  0.00003606 
 16.69584792 -0.00049446  0.00003564 
 16.72086043 -0.00049158  0.00003522 
 16.74587294 -0.00048872  0.00003480 
 16.77088544 -0.00048586  0.00003440 
 16.79589795 -0.00048306  0.00003400 
 16.82091046 -0.00048028  0.00003362 
 16.84592296 -0.00047752  0.00003326 
 16.87093547 -0.00047482  0.00003290 
 16.89594797 -0.00047212  0.00003254 
 16.92096048 -0.00046946  0.00003220 
 16.94597299 -0.00046682  0.00003186 
 16.97098549 -0.00046420  0.00003152 
 16.99599800 -0.00046162  0.00003122 
 17.02101051 -0.00045906  0.00003090 
 17.04602301 -0.00045652  0.00003060 
 17.07103552 -0.00045400  0.00003028 
 17.09604802 -0.00045152  0.00003000 
 17.12106053 -0.00044904  0.00002970 
 17.14607304 -0.00044662  0.00002942 
 17.17108554 -0.00044418  0.00002912 
 17.19609805 -0.00044178  0.00002886 
 17.22111056 -0.00043940  0.00002860 
 17.24612306 -0.00043704  0.00002832 
 17.27113557 -0.00043472  0.00002808 
 17.29614807 -0.00043242  0.00002780 
 17.32116058 -0.00043012  0.00002756 
 17.34617309 -0.00042784  0.00002730 
 17.37118559 -0.00042560  0.00002706 
 17.39619810 -0.00042336  0.00002682 
 17.42121061 -0.00042116  0.00002658 
 17.44622311 -0.00041896  0.00002636 
 17.47123562 -0.00041680  0.00002612 
 17.49624812 -0.00041464  0.00002588 
 17.52126063 -0.00041250  0.00002566 
 17.54627314 -0.00041038  0.00002544 
 17.57128564 -0.00040828  0.00002524 
 17.59629815 -0.00040620  0.00002502 
 17.62131066 -0.00040414  0.00002480 
 17.64632316 -0.00040208  0.00002460 
 17.67133567 -0.00040006  0.00002438 
 17.69634817 -0.00039804  0.00002418 
 17.72136068 -0.00039604  0.00002398 
 17.74637319 -0.00039408  0.00002378 
 17.77138569 -0.00039210  0.00002358 
 17.79639820 -0.00039014  0.00002340 
 17.82141071 -0.00038822  0.00002320 
 17.84642321 -0.00038630  0.00002302 
 17.87143572 -0.00038440  0.00002284 
 17.89644822 -0.00038252  0.00002264 
 17.92146073 -0.00038064  0.00002246 
 17.94647324 -0.00037880  0.00002228 
 17.97148574 -0.00037696  0.00002210 
 17.99649825 -0.00037512  0.00002192 
 18.02151076 -0.00037330  0.00002174 
 18.04652326 -0.00037152  0.00002158 
 18.07153577 -0.00036972  0.00002142 
 18.09654827 -0.00036796  0.00002124 
 18.12156078 -0.00036620  0.00002108 
 18.14657329 -0.00036446  0.00002092 
 18.17158579 -0.00036272  0.00002074 
 18.19659830 -0.00036100  0.00002058 
 18.22161081 -0.00035930  0.00002044 
 18.24662331 -0.00035762  0.00002028 
 18.27163582 -0.00035594  0.00002012 
 18.29664832 -0.00035426  0.00001998 
 18.32166083 -0.00035264  0.00001982 
 18.34667334 -0.00035098  0.00001968 
 18.37168584 -0.00034936  0.00001952 
 18.39669835 -0.00034774  0.00001938 
 18.42171086 -0.00034614  0.00001924 
 18.44672336 -0.00034454  0.00001908 
 18.47173587 -0.00034296  0.00001894 
 18.49674837 -0.00034140  0.00001880 
 18.52176088 -0.00033986  0.00001866 
 18.54677339 -0.00033830  0.00001854 
 18.57178589 -0.00033676  0.00001840 
 18.59679840 -0.00033524  0.00001826 
 18.62181091 -0.00033372  0.00001812 
 18.64682341 -0.00033222  0.00001800 
 18.67183592 -0.00033074  0.00001786 
 18.69684842 -0.00032926  0.00001774 
 18.72186093 -0.00032778  0.00001760 
 18.74687344 -0.00032634  0.00001748 
 18.77188594 -0.00032490  0.00001734 
 18.79689845 -0.00032344  0.00001722 
 18.82191096 -0.00032204  0.00001710 
 18.84692346 -0.00032062  0.00001698 
 18.87193597 -0.00031920  0.00001686 
 18.89694847 -0.00031780  0.00001674 
 18.92196098 -0.00031642  0.00001664 
 18.94697349 -0.00031506  0.00001650 
 18.97198599 -0.00031368  0.00001638 
 18.99699850 -0.00031232  0.00001628 
 19.02201101 -0.00031098  0.00001616 
 19.04702351 -0.00030964  0.00001606 
 19.07203602 -0.00030830  0.00001594 
 19.09704852 -0.00030698  0.00001584 
 19.12206103 -0.00030568  0.00001572 
 19.14707354 -0.00030438  0.00001560 
 19.17208604 -0.00030308  0.00001552 
 19.19709855 -0.00030180  0.00001540 
 19.22211106 -0.00030052  0.00001528 
 19.24712356 -0.00029926  0.00001518 
 19.27213607 -0.00029800  0.00001508 
 19.29714857 -0.00029674  0.00001500 
 19.32216108 -0.00029550  0.00001488 
 19.34717359 -0.00029428  0.00001478 
 19.37218609 -0.00029306  0.00001468 
 19.39719860 -0.00029182  0.00001458 
 19.42221111 -0.00029062  0.00001448 
 19.44722361 -0.00028942  0.00001438 
 19.47223612 -0.00028824  0.00001430 
 19.49724862 -0.00028706  0.00001420 
 19.52226113 -0.00028588  0.00001410 
 19.54727364 -0.00028470  0.00001402 
 19.57228614 -0.00028354  0.00001392 
 19.59729865 -0.00028240  0.00001382 
 19.62231116 -0.00028124  0.00001374 
 19.64732366 -0.00028010  0.00001366 
 19.67233617 -0.00027898  0.00001356 
 19.69734867 -0.00027784  0.00001346 
 19.72236118 -0.00027674  0.00001340 
 19.74737369 -0.00027564  0.00001330 
 19.77238619 -0.00027452  0.00001322 
 19.79739870 -0.00027342  0.00001314 
 19.82241121 -0.00027234  0.00001306 
 19.84742371 -0.00027126  0.00001298 
 19.87243622 -0.00027018  0.00001288 
 19.89744872 -0.00026912  0.00001280 
 19.92246123 -0.00026806  0.00001272 
 19.94747374 -0.00026698  0.00001264 
 19.97248624 -0.00026594  0.00001256 
 19.99749875 -0.00026492  0.00001248 
 20.02251126 -0.00026388  0.00001240 
 20.04752376 -0.00026284  0.00001232 
 20.07253627 -0.00026182  0.00001224 
 20.09754877 -0.00026082  0.00001218 
 20.12256128 -0.00025980  0.00001210 
 20.14757379 -0.00025880  0.00001202 
 20.17258629 -0.00025780  0.00001196 
 20.19759880 -0.00025682  0.00001186 
 20.22261131 -0.00025584  0.00001178 
 20.24762381 -0.00025486  0.00001172 
 20.27263632 -0.00025388  0.00001166 
 20.29764882 -0.00025292  0.00001160 
 20.32266133 -0.00025196  0.00001152 
 20.34767384 -0.00025100  0.00001144 
 20.37268634 -0.00025006  0.00001138 
 20.39769885 -0.00024910  0.00001130 
 20.42271136 -0.00024816  0.00001122 
 20.44772386 -0.00024722  0.00001118 
 20.47273637 -0.00024630  0.00001110 
 20.49774887 -0.00024538  0.00001102 
 20.52276138 -0.00024446  0.00001096 
 20.54777389 -0.00024356  0.00001090 
 20.57278639 -0.00024266  0.00001084 
 20.59779890 -0.00024176  0.00001076 
 20.62281141 -0.00024088  0.00001070 
 20.64782391 -0.00023998  0.00001064 
 20.67283642 -0.00023910  0.00001058 
 20.69784892 -0.00023824  0.00001052 
 20.72286143 -0.00023734  0.00001046 
 20.74787394 -0.00023648  0.00001040 
 20.77288644 -0.00023562  0.00001032 
 20.79789895 -0.00023476  0.00001026 
 20.82291146 -0.00023392  0.00001020 
 20.84792396 -0.00023306  0.00001016 
 20.87293647 -0.00023222  0.00001010 
 20.89794897 -0.00023138  0.00001004 
 20.92296148 -0.00023054  0.00000998 
 20.94797399 -0.00022972  0.00000992 
 20.97298649 -0.00022890  0.00000988 
 20.99799900 -0.00022808  0.00000982 
 21.02301151 -0.00022726  0.00000974 
 21.04802401 -0.00022646  0.00000970 
 21.07303652 -0.00022564  0.00000964 
 21.09804902 -0.00022486  0.00000960 
 21.12306153 -0.00022406  0.00000952 
 21.14807404 -0.00022328  0.00000948 
 21.17308654 -0.00022248  0.00000942 
 21.19809905 -0.00022168  0.00000938 
 21.22311156 -0.00022092  0.00000932 
 21.24812406 -0.00022014  0.00000928 
 21.27313657 -0.00021938  0.00000922 
 21.29814907 -0.00021862  0.00000916 
 21.32316158 -0.00021784  0.00000912 
 21.34817409 -0.00021710  0.00000906 
 21.37318659 -0.00021634  0.00000902 
 21.39819910 -0.00021560  0.00000898 
 21.42321161 -0.00021484  0.00000892 
 21.44822411 -0.00021412  0.00000888 
 21.47323662 -0.00021338  0.00000882 
 21.49824912 -0.00021264  0.00000878 
 21.52326163 -0.00021190  0.00000872 
 21.54827414 -0.00021120  0.00000868 
 21.57328664 -0.00021046  0.00000862 
 21.59829915 -0.00020976  0.00000858 
 21.62331166 -0.00020906  0.00000854 
 21.64832416 -0.00020834  0.00000848 
 21.67333667 -0.00020762  0.00000844 
 21.69834917 -0.00020694  0.00000840 
 21.72336168 -0.00020624  0.00000836 
 21.74837419 -0.00020554  0.00000830 
 21.77338669 -0.00020486  0.00000826 
 21.79839920 -0.00020418  0.00000822 
 21.82341171 -0.00020350  0.00000818 
 21.84842421 -0.00020282  0.00000812 
 21.87343672 -0.00020212  0.00000808 
 21.89844922 -0.00020146  0.00000804 
 21.92346173 -0.00020078  0.00000800 
 21.94847424 -0.00020012  0.00000796 
 21.97348674 -0.00019946  0.00000792 
 21.99849925 -0.00019882  0.00000788 
 22.02351176 -0.00019816  0.00000784 
 22.04852426 -0.00019750  0.00000778 
 22.07353677 -0.00019686  0.00000774 
 22.09854927 -0.00019622  0.00000772 
 22.12356178 -0.00019558  0.00000768 
 22.14857429 -0.00019494  0.00000764 
 22.17358679 -0.00019432  0.00000760 
 22.19859930 -0.00019368  0.00000756 
 22.22361181 -0.00019304  0.00000752 
 22.24862431 -0.00019242  0.00000746 
 22.27363682 -0.00019180  0.00000744 
 22.29864932 -0.00019118  0.00000740 
 22.32366183 -0.00019056  0.00000736 
 22.34867434 -0.00018996  0.00000732 
 22.37368684 -0.00018936  0.00000730 
 22.39869935 -0.00018876  0.00000724 
 22.42371186 -0.00018814  0.00000720 
 22.44872436 -0.00018754  0.00000718 
 22.47373687 -0.00018696  0.00000714 
 22.49874937 -0.00018636  0.00000712 
 22.52376188 -0.00018576  0.00000708 
 22.54877439 -0.00018518  0.00000702 
 22.57378689 -0.00018460  0.00000700 
 22.59879940 -0.00018402  0.00000696 
 22.62381191 -0.00018344  0.00000694 
 22.64882441 -0.00018286  0.00000690 
 22.67383692 -0.00018228  0.00000686 
 22.69884942 -0.00018172  0.00000684 
 22.72386193 -0.00018116  0.00000680 
 22.74887444 -0.00018060  0.00000676 
 22.77388694 -0.00018004  0.00000672 
 22.79889945 -0.00017946  0.00000670 
 22.82391196 -0.00017892  0.00000666 
 22.84892446 -0.00017836  0.00000662 
 22.87393697 -0.00017780  0.00000658 
 22.89894947 -0.00017726  0.00000656 
 22.92396198 -0.00017672  0.00000652 
 22.94897449 -0.00017618  0.00000650 
 22.97398699 -0.00017562  0.00000648 
 22.99899950 -0.00017510  0.00000644 
 23.02401201 -0.00017456  0.00000640 
 23.04902451 -0.00017402  0.00000638 
 23.07403702 -0.00017350  0.00000634 
 23.09904952 -0.00017298  0.00000630 
 23.12406203 -0.00017246  0.00000628 
 23.14907454 -0.00017194  0.00000624 
 23.17408704 -0.00017142  0.00000622 
 23.19909955 -0.00017090  0.00000620 
 23.22411206 -0.00017040  0.00000616 
 23.24912456 -0.00016986  0.00000612 
 23.27413707 -0.00016936  0.00000610 
 23.29914957 -0.00016886  0.00000608 
 23.32416208 -0.00016834  0.00000606 
 23.34917459 -0.00016784  0.00000602 
 23.37418709 -0.00016736  0.00000598 
 23.39919960 -0.00016684  0.00000596 
 23.42421211 -0.00016636  0.00000594 
 23.44922461 -0.00016588  0.00000590 
 23.47423712 -0.00016538  0.00000588 
 23.49924962 -0.00016488  0.00000586 
 23.52426213 -0.00016440  0.00000582 
 23.54927464 -0.00016392  0.00000580 
 23.57428714 -0.00016344  0.00000578 
 23.59929965 -0.00016294  0.00000574 
 23.62431216 -0.00016248  0.00000572 
 23.64932466 -0.00016200  0.00000568 
 23.67433717 -0.00016152  0.00000566 
 23.69934967 -0.00016106  0.00000564 
 23.72436218 -0.00016060  0.00000562 
 23.74937469 -0.00016012  0.00000558 
 23.77438719 -0.00015966  0.00000556 
 23.79939970 -0.00015920  0.00000554 
 23.82441221 -0.00015874  0.00000550 
 23.84942471 -0.00015830  0.00000548 
 23.87443722 -0.00015784  0.00000546 
 23.89944972 -0.00015738  0.00000542 
 23.92446223 -0.00015692  0.00000540 
 23.94947474 -0.00015648  0.00000540 
 23.97448724 -0.00015604  0.00000536 
 23.99949975 -0.00015558  0.00000534 
 24.02451226 -0.00015514  0.00000530 
 24.04952476 -0.00015470  0.00000530 
 24.07453727 -0.00015426  0.00000526 
 24.09954977 -0.00015382  0.00000524 
 24.12456228 -0.00015340  0.00000522 
 24.14957479 -0.00015296  0.00000520 
 24.17458729 -0.00015252  0.00000518 
 24.19959980 -0.00015210  0.00000514 
 24.22461231 -0.00015168  0.00000512 
 24.24962481 -0.00015124  0.00000510 
 24.27463732 -0.00015080  0.00000508 
 24.29964982 -0.00015040  0.00000506 
 24.32466233 -0.00014996  0.00000502 
 24.34967484 -0.00014954  0.00000502 
 24.37468734 -0.00014914  0.00000500 
 24.39969985 -0.00014874  0.00000496 
 24.42471236 -0.00014832  0.00000496 
 24.44972486 -0.00014790  0.00000492 
 24.47473737 -0.00014750  0.00000490 
 24.49974987 -0.00014708  0.00000488 
 24.52476238 -0.00014668  0.00000486 
 24.54977489 -0.00014628  0.00000484 
 24.57478739 -0.00014586  0.00000482 
 24.59979990 -0.00014548  0.00000480 
 24.62481241 -0.00014508  0.00000478 
 24.64982491 -0.00014468  0.00000474 
 24.67483742 -0.00014428  0.00000472 
 24.69984992 -0.00014390  0.00000472 
 24.72486243 -0.00014350  0.00000468 
 24.74987494 -0.00014310  0.00000468 
 24.77488744 -0.00014270  0.00000464 
 24.79989995 -0.00014232  0.00000462 
 24.82491246 -0.00014194  0.00000462 
 24.84992496 -0.00014156  0.00000460 
 24.87493747 -0.00014118  0.00000458 
 24.89994997 -0.00014080  0.00000456 
 24.92496248 -0.00014042  0.00000454 
 24.94997499 -0.00014006  0.00000452 
