-25.00000000 -0.02325038 -0.00031656 
-24.97498749 -0.02327680 -0.00031730 
-24.94997499 -0.02330328 -0.00031804 
-24.92496248 -0.02332982 -0.00031880 
-24.89994997 -0.02335642 -0.00031956 
-24.87493747 -0.02338308 -0.00032030 
-24.84992496 -0.02340980 -0.00032106 
-24.82491246 -0.02343660 -0.00032182 
-24.79989995 -0.02346344 -0.00032260 
-24.77488744 -0.02349036 -0.00032336 
-24.74987494 -0.02351734 -0.00032414 
-24.72486243 -0.02354438 -0.00032490 
-24.69984992 -0.02357150 -0.00032568 
-24.67483742 -0.02359868 -0.00032646 
-24.64982491 -0.02362592 -0.00032724 
-24.62481241 -0.02365322 -0.00032802 
-24.59979990 -0.02368058 -0.00032882 
-24.57478739 -0.02370802 -0.00032960 
-24.54977489 -0.02373552 -0.00033040 
-24.52476238 -0.02376310 -0.00033120 
-24.49974987 -0.02379072 -0.00033200 
-24.47473737 -0.02381844 -0.00033280 
-24.44972486 -0.02384620 -0.00033360 
-24.42471236 -0.02387404 -0.00033440 
-24.39969985 -0.02390194 -0.00033522 
-24.37468734 -0.02392990 -0.00033604 
-24.34967484 -0.02395794 -0.00033686 
-24.32466233 -0.02398606 -0.00033768 
-24.29964982 -0.02401422 -0.00033850 
-24.27463732 -0.02404248 -0.00033932 
-24.24962481 -0.02407078 -0.00034016 
-24.22461231 -0.02409916 -0.00034098 
-24.19959980 -0.02412762 -0.00034182 
-24.17458729 -0.02415614 -0.00034266 
-24.14957479 -0.02418474 -0.00034350 
-24.12456228 -0.02421340 -0.00034434 
-24.09954977 -0.02424212 -0.00034520 
-24.07453727 -0.02427092 -0.00034604 
-24.04952476 -0.02429980 -0.00034690 
-24.02451226 -0.02432874 -0.00034776 
-23.99949975 -0.02435776 -0.00034862 
-23.97448724 -0.02438686 -0.00034948 
-23.94947474 -0.02441602 -0.00035036 
-23.92446223 -0.02444526 -0.00035122 
-23.89944972 -0.02447456 -0.00035210 
-23.87443722 -0.02450394 -0.00035298 
-23.84942471 -0.02453338 -0.00035386 
-23.82441221 -0.02456292 -0.00035474 
-23.79939970 -0.02459252 -0.00035562 
-23.77438719 -0.02462218 -0.00035652 
-23.74937469 -0.02465194 -0.00035742 
-23.72436218 -0.02468176 -0.00035832 
-23.69934967 -0.02471166 -0.00035922 
-23.67433717 -0.02474164 -0.00036012 
-23.64932466 -0.02477168 -0.00036102 
-23.62431216 -0.02480180 -0.00036194 
-23.59929965 -0.02483200 -0.00036286 
-23.57428714 -0.02486228 -0.00036378 
-23.54927464 -0.02489264 -0.00036470 
-23.52426213 -0.02492306 -0.00036562 
-23.49924962 -0.02495358 -0.00036656 
-23.47423712 -0.02498416 -0.00036750 
-23.44922461 -0.02501482 -0.00036842 
-23.42421211 -0.02504556 -0.00036936 
-23.39919960 -0.02507638 -0.00037032 
-23.37418709 -0.02510728 -0.00037126 
-23.34917459 -0.02513826 -0.00037222 
-23.32416208 -0.02516932 -0.00037318 
-23.29914957 -0.02520046 -0.00037414 
-23.27413707 -0.02523168 -0.00037510 
-23.24912456 -0.02526298 -0.00037606 
-23.22411206 -0.02529436 -0.00037704 
-23.19909955 -0.02532582 -0.00037800 
-23.17408704 -0.02535736 -0.00037898 
-23.14907454 -0.02538898 -0.00037998 
-23.12406203 -0.02542070 -0.00038096 
-23.09904952 -0.02545248 -0.00038194 
-23.07403702 -0.02548434 -0.00038294 
-23.04902451 -0.02551630 -0.00038394 
-23.02401201 -0.02554834 -0.00038494 
-22.99899950 -0.02558046 -0.00038596 
-22.97398699 -0.02561266 -0.00038696 
-22.94897449 -0.02564496 -0.00038798 
-22.92396198 -0.02567732 -0.00038900 
-22.89894947 -0.02570978 -0.00039002 
-22.87393697 -0.02574232 -0.00039104 
-22.84892446 -0.02577496 -0.00039208 
-22.82391196 -0.02580768 -0.00039312 
-22.79889945 -0.02584048 -0.00039416 
-22.77388694 -0.02587336 -0.00039520 
-22.74887444 -0.02590634 -0.00039624 
-22.72386193 -0.02593940 -0.00039730 
-22.69884942 -0.02597256 -0.00039836 
-22.67383692 -0.02600580 -0.00039942 
-22.64882441 -0.02603912 -0.00040048 
-22.62381191 -0.02607254 -0.00040154 
-22.59879940 -0.02610604 -0.00040262 
-22.57378689 -0.02613964 -0.00040370 
-22.54877439 -0.02617332 -0.00040478 
-22.52376188 -0.02620710 -0.00040588 
-22.49874937 -0.02624098 -0.00040696 
-22.47373687 -0.02627494 -0.00040806 
-22.44872436 -0.02630898 -0.00040916 
-22.42371186 -0.02634312 -0.00041026 
-22.39869935 -0.02637736 -0.00041138 
-22.37368684 -0.02641168 -0.00041250 
-22.34867434 -0.02644610 -0.00041360 
-22.32366183 -0.02648062 -0.00041474 
-22.29864932 -0.02651522 -0.00041586 
-22.27363682 -0.02654992 -0.00041700 
-22.24862431 -0.02658472 -0.00041814 
-22.22361181 -0.02661960 -0.00041928 
-22.19859930 -0.02665460 -0.00042042 
-22.17358679 -0.02668968 -0.00042158 
-22.14857429 -0.02672486 -0.00042274 
-22.12356178 -0.02676012 -0.00042390 
-22.09854927 -0.02679550 -0.00042506 
-22.07353677 -0.02683096 -0.00042624 
-22.04852426 -0.02686654 -0.00042742 
-22.02351176 -0.02690220 -0.00042860 
-21.99849925 -0.02693796 -0.00042978 
-21.97348674 -0.02697382 -0.00043098 
-21.94847424 -0.02700978 -0.00043218 
-21.92346173 -0.02704584 -0.00043338 
-21.89844922 -0.02708200 -0.00043458 
-21.87343672 -0.02711828 -0.00043580 
-21.84842421 -0.02715464 -0.00043702 
-21.82341171 -0.02719110 -0.00043824 
-21.79839920 -0.02722768 -0.00043946 
-21.77338669 -0.02726434 -0.00044070 
-21.74837419 -0.02730112 -0.00044194 
-21.72336168 -0.02733800 -0.00044318 
-21.69834917 -0.02737498 -0.00044444 
-21.67333667 -0.02741206 -0.00044568 
-21.64832416 -0.02744924 -0.00044694 
-21.62331166 -0.02748654 -0.00044822 
-21.59829915 -0.02752394 -0.00044948 
-21.57328664 -0.02756144 -0.00045076 
-21.54827414 -0.02759906 -0.00045204 
-21.52326163 -0.02763678 -0.00045334 
-21.49824912 -0.02767462 -0.00045462 
-21.47323662 -0.02771254 -0.00045592 
-21.44822411 -0.02775060 -0.00045724 
-21.42321161 -0.02778874 -0.00045854 
-21.39819910 -0.02782700 -0.00045986 
-21.37318659 -0.02786538 -0.00046118 
-21.34817409 -0.02790386 -0.00046252 
-21.32316158 -0.02794246 -0.00046384 
-21.29814907 -0.02798116 -0.00046518 
-21.27313657 -0.02801998 -0.00046654 
-21.24812406 -0.02805890 -0.00046788 
-21.22311156 -0.02809794 -0.00046924 
-21.19809905 -0.02813710 -0.00047060 
-21.17308654 -0.02817638 -0.00047198 
-21.14807404 -0.02821576 -0.00047336 
-21.12306153 -0.02825526 -0.00047474 
-21.09804902 -0.02829488 -0.00047612 
-21.07303652 -0.02833460 -0.00047752 
-21.04802401 -0.02837444 -0.00047892 
-21.02301151 -0.02841442 -0.00048032 
-20.99799900 -0.02845450 -0.00048174 
-20.97298649 -0.02849470 -0.00048316 
-20.94797399 -0.02853500 -0.00048460 
-20.92296148 -0.02857544 -0.00048602 
-20.89794897 -0.02861600 -0.00048746 
-20.87293647 -0.02865668 -0.00048892 
-20.84792396 -0.02869748 -0.00049036 
-20.82291146 -0.02873840 -0.00049182 
-20.79789895 -0.02877944 -0.00049330 
-20.77288644 -0.02882060 -0.00049476 
-20.74787394 -0.02886188 -0.00049624 
-20.72286143 -0.02890328 -0.00049774 
-20.69784892 -0.02894482 -0.00049922 
-20.67283642 -0.02898648 -0.00050072 
-20.64782391 -0.02902826 -0.00050224 
-20.62281141 -0.02907018 -0.00050374 
-20.59779890 -0.02911220 -0.00050526 
-20.57278639 -0.02915436 -0.00050680 
-20.54777389 -0.02919666 -0.00050834 
-20.52276138 -0.02923908 -0.00050988 
-20.49774887 -0.02928162 -0.00051142 
-20.47273637 -0.02932430 -0.00051298 
-20.44772386 -0.02936710 -0.00051454 
-20.42271136 -0.02941004 -0.00051612 
-20.39769885 -0.02945310 -0.00051770 
-20.37268634 -0.02949630 -0.00051928 
-20.34767384 -0.02953964 -0.00052088 
-20.32266133 -0.02958310 -0.00052248 
-20.29764882 -0.02962670 -0.00052408 
-20.27263632 -0.02967044 -0.00052570 
-20.24762381 -0.02971430 -0.00052734 
-20.22261131 -0.02975830 -0.00052896 
-20.19759880 -0.02980244 -0.00053060 
-20.17258629 -0.02984672 -0.00053226 
-20.14757379 -0.02989114 -0.00053390 
-20.12256128 -0.02993568 -0.00053558 
-20.09754877 -0.02998038 -0.00053724 
-20.07253627 -0.03002520 -0.00053892 
-20.04752376 -0.03007018 -0.00054060 
-20.02251126 -0.03011530 -0.00054230 
-19.99749875 -0.03016054 -0.00054400 
-19.97248624 -0.03020594 -0.00054572 
-19.94747374 -0.03025148 -0.00054744 
-19.92246123 -0.03029716 -0.00054918 
-19.89744872 -0.03034298 -0.00055090 
-19.87243622 -0.03038896 -0.00055266 
-19.84742371 -0.03043508 -0.00055440 
-19.82241121 -0.03048134 -0.00055618 
-19.79739870 -0.03052774 -0.00055794 
-19.77238619 -0.03057430 -0.00055972 
-19.74737369 -0.03062100 -0.00056152 
-19.72236118 -0.03066786 -0.00056330 
-19.69734867 -0.03071488 -0.00056512 
-19.67233617 -0.03076202 -0.00056694 
-19.64732366 -0.03080934 -0.00056876 
-19.62231116 -0.03085680 -0.00057058 
-19.59729865 -0.03090440 -0.00057244 
-19.57228614 -0.03095218 -0.00057428 
-19.54727364 -0.03100010 -0.00057614 
-19.52226113 -0.03104818 -0.00057802 
-19.49724862 -0.03109640 -0.00057990 
-19.47223612 -0.03114480 -0.00058178 
-19.44722361 -0.03119334 -0.00058368 
-19.42221111 -0.03124204 -0.00058558 
-19.39719860 -0.03129092 -0.00058750 
-19.37218609 -0.03133994 -0.00058944 
-19.34717359 -0.03138912 -0.00059136 
-19.32216108 -0.03143848 -0.00059332 
-19.29714857 -0.03148798 -0.00059528 
-19.27213607 -0.03153766 -0.00059724 
-19.24712356 -0.03158750 -0.00059922 
-19.22211106 -0.03163750 -0.00060120 
-19.19709855 -0.03168766 -0.00060320 
-19.17208604 -0.03173800 -0.00060520 
-19.14707354 -0.03178850 -0.00060722 
-19.12206103 -0.03183916 -0.00060924 
-19.09704852 -0.03189000 -0.00061128 
-19.07203602 -0.03194102 -0.00061334 
-19.04702351 -0.03199220 -0.00061540 
-19.02201101 -0.03204354 -0.00061746 
-18.99699850 -0.03209508 -0.00061954 
-18.97198599 -0.03214676 -0.00062164 
-18.94697349 -0.03219864 -0.00062374 
-18.92196098 -0.03225070 -0.00062584 
-18.89694847 -0.03230292 -0.00062798 
-18.87193597 -0.03235532 -0.00063010 
-18.84692346 -0.03240790 -0.00063226 
-18.82191096 -0.03246066 -0.00063442 
-18.79689845 -0.03251360 -0.00063658 
-18.77188594 -0.03256672 -0.00063876 
-18.74687344 -0.03262002 -0.00064096 
-18.72186093 -0.03267350 -0.00064316 
-18.69684842 -0.03272716 -0.00064536 
-18.67183592 -0.03278102 -0.00064760 
-18.64682341 -0.03283506 -0.00064984 
-18.62181091 -0.03288928 -0.00065208 
-18.59679840 -0.03294370 -0.00065434 
-18.57178589 -0.03299830 -0.00065662 
-18.54677339 -0.03305310 -0.00065890 
-18.52176088 -0.03310808 -0.00066120 
-18.49674837 -0.03316326 -0.00066352 
-18.47173587 -0.03321862 -0.00066584 
-18.44672336 -0.03327418 -0.00066818 
-18.42171086 -0.03332994 -0.00067052 
-18.39669835 -0.03338590 -0.00067288 
-18.37168584 -0.03344204 -0.00067526 
-18.34667334 -0.03349838 -0.00067764 
-18.32166083 -0.03355494 -0.00068004 
-18.29664832 -0.03361168 -0.00068246 
-18.27163582 -0.03366862 -0.00068488 
-18.24662331 -0.03372578 -0.00068732 
-18.22161081 -0.03378314 -0.00068978 
-18.19659830 -0.03384070 -0.00069224 
-18.17158579 -0.03389846 -0.00069472 
-18.14657329 -0.03395642 -0.00069722 
-18.12156078 -0.03401460 -0.00069972 
-18.09654827 -0.03407300 -0.00070224 
-18.07153577 -0.03413160 -0.00070478 
-18.04652326 -0.03419040 -0.00070732 
-18.02151076 -0.03424942 -0.00070990 
-17.99649825 -0.03430866 -0.00071246 
-17.97148574 -0.03436812 -0.00071506 
-17.94647324 -0.03442778 -0.00071766 
-17.92146073 -0.03448768 -0.00072028 
-17.89644822 -0.03454778 -0.00072292 
-17.87143572 -0.03460810 -0.00072558 
-17.84642321 -0.03466864 -0.00072824 
-17.82141071 -0.03472942 -0.00073092 
-17.79639820 -0.03479040 -0.00073362 
-17.77138569 -0.03485162 -0.00073632 
-17.74637319 -0.03491306 -0.00073906 
-17.72136068 -0.03497474 -0.00074180 
-17.69634817 -0.03503664 -0.00074456 
-17.67133567 -0.03509876 -0.00074732 
-17.64632316 -0.03516112 -0.00075012 
-17.62131066 -0.03522372 -0.00075292 
-17.59629815 -0.03528656 -0.00075574 
-17.57128564 -0.03534962 -0.00075858 
-17.54627314 -0.03541292 -0.00076144 
-17.52126063 -0.03547646 -0.00076430 
-17.49624812 -0.03554024 -0.00076720 
-17.47123562 -0.03560424 -0.00077010 
-17.44622311 -0.03566850 -0.00077302 
-17.42121061 -0.03573302 -0.00077596 
-17.39619810 -0.03579776 -0.00077892 
-17.37118559 -0.03586276 -0.00078188 
-17.34617309 -0.03592800 -0.00078488 
-17.32116058 -0.03599350 -0.00078788 
-17.29614807 -0.03605924 -0.00079092 
-17.27113557 -0.03612524 -0.00079396 
-17.24612306 -0.03619150 -0.00079702 
-17.22111056 -0.03625800 -0.00080010 
-17.19609805 -0.03632476 -0.00080320 
-17.17108554 -0.03639178 -0.00080632 
-17.14607304 -0.03645906 -0.00080944 
-17.12106053 -0.03652662 -0.00081260 
-17.09604802 -0.03659442 -0.00081578 
-17.07103552 -0.03666250 -0.00081896 
-17.04602301 -0.03673082 -0.00082218 
-17.02101051 -0.03679944 -0.00082540 
-16.99599800 -0.03686830 -0.00082866 
-16.97098549 -0.03693746 -0.00083192 
-16.94597299 -0.03700688 -0.00083522 
-16.92096048 -0.03707656 -0.00083852 
-16.89594797 -0.03714654 -0.00084186 
-16.87093547 -0.03721678 -0.00084520 
-16.84592296 -0.03728732 -0.00084858 
-16.82091046 -0.03735812 -0.00085196 
-16.79589795 -0.03742922 -0.00085538 
-16.77088544 -0.03750058 -0.00085882 
-16.74587294 -0.03757226 -0.00086226 
-16.72086043 -0.03764420 -0.00086574 
-16.69584792 -0.03771644 -0.00086924 
-16.67083542 -0.03778898 -0.00087276 
-16.64582291 -0.03786180 -0.00087630 
-16.62081041 -0.03793492 -0.00087986 
-16.59579790 -0.03800834 -0.00088346 
-16.57078539 -0.03808206 -0.00088706 
-16.54577289 -0.03815608 -0.00089070 
-16.52076038 -0.03823040 -0.00089434 
-16.49574787 -0.03830502 -0.00089802 
-16.47073537 -0.03837996 -0.00090172 
-16.44572286 -0.03845520 -0.00090544 
-16.42071036 -0.03853076 -0.00090920 
-16.39569785 -0.03860662 -0.00091296 
-16.37068534 -0.03868280 -0.00091676 
-16.34567284 -0.03875930 -0.00092058 
-16.32066033 -0.03883610 -0.00092442 
-16.29564782 -0.03891324 -0.00092828 
-16.27063532 -0.03899070 -0.00093218 
-16.24562281 -0.03906848 -0.00093610 
-16.22061031 -0.03914660 -0.00094004 
-16.19559780 -0.03922504 -0.00094402 
-16.17058529 -0.03930380 -0.00094800 
-16.14557279 -0.03938290 -0.00095204 
-16.12056028 -0.03946234 -0.00095608 
-16.09554777 -0.03954212 -0.00096016 
-16.07053527 -0.03962224 -0.00096426 
-16.04552276 -0.03970270 -0.00096838 
-16.02051026 -0.03978350 -0.00097254 
-15.99549775 -0.03986464 -0.00097672 
-15.97048524 -0.03994614 -0.00098092 
-15.94547274 -0.04002800 -0.00098516 
-15.92046023 -0.04011020 -0.00098944 
-15.89544772 -0.04019276 -0.00099372 
-15.87043522 -0.04027568 -0.00099806 
-15.84542271 -0.04035894 -0.00100240 
-15.82041021 -0.04044258 -0.00100678 
-15.79539770 -0.04052660 -0.00101120 
-15.77038519 -0.04061096 -0.00101564 
-15.74537269 -0.04069572 -0.00102010 
-15.72036018 -0.04078084 -0.00102460 
-15.69534767 -0.04086632 -0.00102914 
-15.67033517 -0.04095220 -0.00103370 
-15.64532266 -0.04103844 -0.00103830 
-15.62031016 -0.04112508 -0.00104292 
-15.59529765 -0.04121210 -0.00104758 
-15.57028514 -0.04129950 -0.00105226 
-15.54527264 -0.04138730 -0.00105698 
-15.52026013 -0.04147550 -0.00106174 
-15.49524762 -0.04156410 -0.00106652 
-15.47023512 -0.04165308 -0.00107134 
-15.44522261 -0.04174248 -0.00107620 
-15.42021011 -0.04183226 -0.00108110 
-15.39519760 -0.04192246 -0.00108602 
-15.37018509 -0.04201308 -0.00109096 
-15.34517259 -0.04210412 -0.00109596 
-15.32016008 -0.04219556 -0.00110098 
-15.29514757 -0.04228742 -0.00110604 
-15.27013507 -0.04237970 -0.00111114 
-15.24512256 -0.04247242 -0.00111628 
-15.22011006 -0.04256554 -0.00112144 
-15.19509755 -0.04265912 -0.00112666 
-15.17008504 -0.04275312 -0.00113190 
-15.14507254 -0.04284756 -0.00113718 
-15.12006003 -0.04294244 -0.00114250 
-15.09504752 -0.04303776 -0.00114786 
-15.07003502 -0.04313354 -0.00115326 
-15.04502251 -0.04322976 -0.00115868 
-15.02001001 -0.04332644 -0.00116416 
-14.99499750 -0.04342356 -0.00116968 
-14.96998499 -0.04352116 -0.00117524 
-14.94497249 -0.04361922 -0.00118084 
-14.91995998 -0.04371774 -0.00118646 
-14.89494747 -0.04381672 -0.00119214 
-14.86993497 -0.04391620 -0.00119786 
-14.84492246 -0.04401614 -0.00120362 
-14.81990995 -0.04411656 -0.00120944 
-14.79489745 -0.04421746 -0.00121528 
-14.76988494 -0.04431886 -0.00122118 
-14.74487244 -0.04442074 -0.00122710 
-14.71985993 -0.04452312 -0.00123308 
-14.69484742 -0.04462600 -0.00123912 
-14.66983492 -0.04472938 -0.00124518 
-14.64482241 -0.04483328 -0.00125130 
-14.61980990 -0.04493768 -0.00125746 
-14.59479740 -0.04504258 -0.00126368 
-14.56978489 -0.04514802 -0.00126992 
-14.54477239 -0.04525396 -0.00127624 
-14.51975988 -0.04536044 -0.00128258 
-14.49474737 -0.04546744 -0.00128898 
-14.46973487 -0.04557498 -0.00129544 
-14.44472236 -0.04568306 -0.00130194 
-14.41970985 -0.04579168 -0.00130848 
-14.39469735 -0.04590084 -0.00131508 
-14.36968484 -0.04601056 -0.00132174 
-14.34467234 -0.04612084 -0.00132844 
-14.31965983 -0.04623166 -0.00133520 
-14.29464732 -0.04634306 -0.00134200 
-14.26963482 -0.04645502 -0.00134888 
-14.24462231 -0.04656756 -0.00135578 
-14.21960980 -0.04668066 -0.00136276 
-14.19459730 -0.04679436 -0.00136978 
-14.16958479 -0.04690862 -0.00137686 
-14.14457229 -0.04702350 -0.00138400 
-14.11955978 -0.04713896 -0.00139120 
-14.09454727 -0.04725502 -0.00139846 
-14.06953477 -0.04737168 -0.00140576 
-14.04452226 -0.04748896 -0.00141314 
-14.01950975 -0.04760684 -0.00142056 
-13.99449725 -0.04772536 -0.00142806 
-13.96948474 -0.04784450 -0.00143560 
-13.94447224 -0.04796426 -0.00144322 
-13.91945973 -0.04808466 -0.00145090 
-13.89444722 -0.04820570 -0.00145864 
-13.86943472 -0.04832738 -0.00146644 
-13.84442221 -0.04844970 -0.00147430 
-13.81940970 -0.04857270 -0.00148222 
-13.79439720 -0.04869634 -0.00149022 
-13.76938469 -0.04882066 -0.00149828 
-13.74437219 -0.04894564 -0.00150642 
-13.71935968 -0.04907132 -0.00151462 
-13.69434717 -0.04919766 -0.00152288 
-13.66933467 -0.04932470 -0.00153122 
-13.64432216 -0.04945244 -0.00153962 
-13.61930965 -0.04958086 -0.00154810 
-13.59429715 -0.04971000 -0.00155664 
-13.56928464 -0.04983986 -0.00156526 
-13.54427214 -0.04997042 -0.00157396 
-13.51925963 -0.05010172 -0.00158274 
-13.49424712 -0.05023374 -0.00159158 
-13.46923462 -0.05036650 -0.00160050 
-13.44422211 -0.05050002 -0.00160950 
-13.41920960 -0.05063426 -0.00161858 
-13.39419710 -0.05076928 -0.00162772 
-13.36918459 -0.05090506 -0.00163696 
-13.34417209 -0.05104160 -0.00164628 
-13.31915958 -0.05117892 -0.00165568 
-13.29414707 -0.05131702 -0.00166516 
-13.26913457 -0.05145592 -0.00167472 
-13.24412206 -0.05159560 -0.00168436 
-13.21910955 -0.05173610 -0.00169410 
-13.19409705 -0.05187740 -0.00170392 
-13.16908454 -0.05201954 -0.00171382 
-13.14407204 -0.05216248 -0.00172382 
-13.11905953 -0.05230626 -0.00173390 
-13.09404702 -0.05245088 -0.00174408 
-13.06903452 -0.05259636 -0.00175434 
-13.04402201 -0.05274268 -0.00176470 
-13.01900950 -0.05288986 -0.00177516 
-12.99399700 -0.05303792 -0.00178572 
-12.96898449 -0.05318686 -0.00179636 
-12.94397199 -0.05333668 -0.00180710 
-12.91895948 -0.05348740 -0.00181796 
-12.89394697 -0.05363902 -0.00182890 
-12.86893447 -0.05379156 -0.00183994 
-12.84392196 -0.05394502 -0.00185110 
-12.81890945 -0.05409940 -0.00186234 
-12.79389695 -0.05425472 -0.00187370 
-12.76888444 -0.05441100 -0.00188518 
-12.74387194 -0.05456822 -0.00189674 
-12.71885943 -0.05472640 -0.00190842 
-12.69384692 -0.05488556 -0.00192022 
-12.66883442 -0.05504570 -0.00193212 
-12.64382191 -0.05520684 -0.00194414 
-12.61880940 -0.05536896 -0.00195628 
-12.59379690 -0.05553212 -0.00196854 
-12.56878439 -0.05569628 -0.00198090 
-12.54377189 -0.05586148 -0.00199340 
-12.51875938 -0.05602770 -0.00200600 
-12.49374687 -0.05619500 -0.00201874 
-12.46873437 -0.05636334 -0.00203160 
-12.44372186 -0.05653276 -0.00204458 
-12.41870935 -0.05670326 -0.00205770 
-12.39369685 -0.05687484 -0.00207094 
-12.36868434 -0.05704754 -0.00208430 
-12.34367184 -0.05722134 -0.00209782 
-12.31865933 -0.05739626 -0.00211146 
-12.29364682 -0.05757234 -0.00212524 
-12.26863432 -0.05774954 -0.00213914 
-12.24362181 -0.05792792 -0.00215320 
-12.21860930 -0.05810746 -0.00216740 
-12.19359680 -0.05828818 -0.00218174 
-12.16858429 -0.05847010 -0.00219624 
-12.14357179 -0.05865322 -0.00221086 
-12.11855928 -0.05883756 -0.00222566 
-12.09354677 -0.05902312 -0.00224060 
-12.06853427 -0.05920994 -0.00225570 
-12.04352176 -0.05939800 -0.00227094 
-12.01850925 -0.05958734 -0.00228636 
-11.99349675 -0.05977798 -0.00230192 
-11.96848424 -0.05996990 -0.00231766 
-11.94347174 -0.06016312 -0.00233356 
-11.91845923 -0.06035766 -0.00234962 
-11.89344672 -0.06055356 -0.00236586 
-11.86843422 -0.06075080 -0.00238228 
-11.84342171 -0.06094940 -0.00239886 
-11.81840920 -0.06114938 -0.00241562 
-11.79339670 -0.06135076 -0.00243256 
-11.76838419 -0.06155356 -0.00244970 
-11.74337169 -0.06175776 -0.00246702 
-11.71835918 -0.06196342 -0.00248452 
-11.69334667 -0.06217054 -0.00250220 
-11.66833417 -0.06237912 -0.00252010 
-11.64332166 -0.06258918 -0.00253818 
-11.61830915 -0.06280076 -0.00255646 
-11.59329665 -0.06301386 -0.00257496 
-11.56828414 -0.06322848 -0.00259364 
-11.54327164 -0.06344468 -0.00261254 
-11.51825913 -0.06366244 -0.00263166 
-11.49324662 -0.06388178 -0.00265100 
-11.46823412 -0.06410274 -0.00267054 
-11.44322161 -0.06432532 -0.00269032 
-11.41820910 -0.06454954 -0.00271032 
-11.39319660 -0.06477544 -0.00273054 
-11.36818409 -0.06500300 -0.00275100 
-11.34317159 -0.06523228 -0.00277170 
-11.31815908 -0.06546326 -0.00279262 
-11.29314657 -0.06569600 -0.00281380 
-11.26813407 -0.06593048 -0.00283524 
-11.24312156 -0.06616676 -0.00285690 
-11.21810905 -0.06640484 -0.00287884 
-11.19309655 -0.06664474 -0.00290104 
-11.16808404 -0.06688648 -0.00292348 
-11.14307154 -0.06713008 -0.00294622 
-11.11805903 -0.06737558 -0.00296920 
-11.09304652 -0.06762300 -0.00299248 
-11.06803402 -0.06787234 -0.00301604 
-11.04302151 -0.06812364 -0.00303988 
-11.01800900 -0.06837692 -0.00306400 
-10.99299650 -0.06863220 -0.00308842 
-10.96798399 -0.06888950 -0.00311316 
-10.94297149 -0.06914888 -0.00313818 
-10.91795898 -0.06941032 -0.00316352 
-10.89294647 -0.06967386 -0.00318918 
-10.86793397 -0.06993956 -0.00321516 
-10.84292146 -0.07020738 -0.00324146 
-10.81790895 -0.07047742 -0.00326808 
-10.79289645 -0.07074964 -0.00329506 
-10.76788394 -0.07102412 -0.00332238 
-10.74287144 -0.07130086 -0.00335004 
-10.71785893 -0.07157990 -0.00337806 
-10.69284642 -0.07186126 -0.00340644 
-10.66783392 -0.07214498 -0.00343518 
-10.64282141 -0.07243108 -0.00346430 
-10.61780890 -0.07271962 -0.00349380 
-10.59279640 -0.07301058 -0.00352370 
-10.56778389 -0.07330404 -0.00355398 
-10.54277139 -0.07360000 -0.00358466 
-10.51775888 -0.07389852 -0.00361576 
-10.49274637 -0.07419960 -0.00364726 
-10.46773387 -0.07450330 -0.00367920 
-10.44272136 -0.07480966 -0.00371156 
-10.41770885 -0.07511870 -0.00374436 
-10.39269635 -0.07543046 -0.00377760 
-10.36768384 -0.07574496 -0.00381130 
-10.34267134 -0.07606228 -0.00384548 
-10.31765883 -0.07638242 -0.00388012 
-10.29264632 -0.07670544 -0.00391524 
-10.26763382 -0.07703136 -0.00395084 
-10.24262131 -0.07736024 -0.00398696 
-10.21760880 -0.07769212 -0.00402356 
-10.19259630 -0.07802702 -0.00406070 
-10.16758379 -0.07836500 -0.00409838 
-10.14257129 -0.07870612 -0.00413658 
-10.11755878 -0.07905038 -0.00417534 
-10.09254627 -0.07939788 -0.00421464 
-10.06753377 -0.07974862 -0.00425452 
-10.04252126 -0.08010266 -0.00429500 
-10.01750875 -0.08046004 -0.00433606 
 -9.99249625 -0.08082084 -0.00437772 
 -9.96748374 -0.08118508 -0.00442000 
 -9.94247124 -0.08155284 -0.00446292 
 -9.91745873 -0.08192414 -0.00450648 
 -9.89244622 -0.08229904 -0.00455068 
 -9.86743372 -0.08267760 -0.00459556 
 -9.84242121 -0.08305988 -0.00464112 
 -9.81740870 -0.08344594 -0.00468738 
 -9.79239620 -0.08383580 -0.00473436 
 -9.76738369 -0.08422956 -0.00478206 
 -9.74237119 -0.08462728 -0.00483050 
 -9.71735868 -0.08502898 -0.00487968 
 -9.69234617 -0.08543478 -0.00492966 
 -9.66733367 -0.08584468 -0.00498042 
 -9.64232116 -0.08625880 -0.00503198 
 -9.61730865 -0.08667716 -0.00508436 
 -9.59229615 -0.08709986 -0.00513760 
 -9.56728364 -0.08752696 -0.00519168 
 -9.54227114 -0.08795854 -0.00524666 
 -9.51725863 -0.08839464 -0.00530252 
 -9.49224612 -0.08883538 -0.00535930 
 -9.46723362 -0.08928080 -0.00541702 
 -9.44222111 -0.08973098 -0.00547570 
 -9.41720860 -0.09018600 -0.00553538 
 -9.39219610 -0.09064596 -0.00559604 
 -9.36718359 -0.09111090 -0.00565774 
 -9.34217109 -0.09158096 -0.00572048 
 -9.31715858 -0.09205618 -0.00578430 
 -9.29214607 -0.09253668 -0.00584920 
 -9.26713357 -0.09302252 -0.00591524 
 -9.24212106 -0.09351380 -0.00598244 
 -9.21710855 -0.09401064 -0.00605082 
 -9.19209605 -0.09451310 -0.00612038 
 -9.16708354 -0.09502130 -0.00619120 
 -9.14207104 -0.09553534 -0.00626328 
 -9.11705853 -0.09605530 -0.00633664 
 -9.09204602 -0.09658132 -0.00641134 
 -9.06703352 -0.09711348 -0.00648740 
 -9.04202101 -0.09765190 -0.00656486 
 -9.01700850 -0.09819670 -0.00664374 
 -8.99199600 -0.09874800 -0.00672408 
 -8.96698349 -0.09930590 -0.00680594 
 -8.94197099 -0.09987052 -0.00688932 
 -8.91695848 -0.10044202 -0.00697428 
 -8.89194597 -0.10102048 -0.00706086 
 -8.86693347 -0.10160608 -0.00714910 
 -8.84192096 -0.10219890 -0.00723904 
 -8.81690845 -0.10279914 -0.00733074 
 -8.79189595 -0.10340688 -0.00742422 
 -8.76688344 -0.10402232 -0.00751956 
 -8.74187094 -0.10464556 -0.00761678 
 -8.71685843 -0.10527680 -0.00771594 
 -8.69184592 -0.10591616 -0.00781710 
 -8.66683342 -0.10656382 -0.00792032 
 -8.64182091 -0.10721994 -0.00802562 
 -8.61680840 -0.10788468 -0.00813310 
 -8.59179590 -0.10855824 -0.00824282 
 -8.56678339 -0.10924076 -0.00835480 
 -8.54177089 -0.10993246 -0.00846914 
 -8.51675838 -0.11063352 -0.00858592 
 -8.49174587 -0.11134414 -0.00870516 
 -8.46673337 -0.11206450 -0.00882698 
 -8.44172086 -0.11279480 -0.00895144 
 -8.41670835 -0.11353530 -0.00907860 
 -8.39169585 -0.11428616 -0.00920856 
 -8.36668334 -0.11504764 -0.00934138 
 -8.34167084 -0.11581996 -0.00947718 
 -8.31665833 -0.11660336 -0.00961604 
 -8.29164582 -0.11739806 -0.00975804 
 -8.26663332 -0.11820436 -0.00990328 
 -8.24162081 -0.11902248 -0.01005186 
 -8.21660830 -0.11985268 -0.01020390 
 -8.19159580 -0.12069526 -0.01035950 
 -8.16658329 -0.12155050 -0.01051876 
 -8.14157079 -0.12241870 -0.01068182 
 -8.11655828 -0.12330012 -0.01084878 
 -8.09154577 -0.12419512 -0.01101980 
 -8.06653327 -0.12510398 -0.01119498 
 -8.04152076 -0.12602706 -0.01137446 
 -8.01650825 -0.12696468 -0.01155840 
 -7.99149575 -0.12791720 -0.01174696 
 -7.96648324 -0.12888500 -0.01194028 
 -7.94147074 -0.12986842 -0.01213852 
 -7.91645823 -0.13086786 -0.01234184 
 -7.89144572 -0.13188374 -0.01255046 
 -7.86643322 -0.13291646 -0.01276454 
 -7.84142071 -0.13396646 -0.01298426 
 -7.81640820 -0.13503416 -0.01320984 
 -7.79139570 -0.13612002 -0.01344150 
 -7.76638319 -0.13722452 -0.01367946 
 -7.74137069 -0.13834818 -0.01392394 
 -7.71635818 -0.13949146 -0.01417520 
 -7.69134567 -0.14065490 -0.01443348 
 -7.66633317 -0.14183906 -0.01469904 
 -7.64132066 -0.14304450 -0.01497218 
 -7.61630815 -0.14427180 -0.01525320 
 -7.59129565 -0.14552158 -0.01554238 
 -7.56628314 -0.14679444 -0.01584006 
 -7.54127064 -0.14809104 -0.01614660 
 -7.51625813 -0.14941208 -0.01646232 
 -7.49124562 -0.15075824 -0.01678762 
 -7.46623312 -0.15213028 -0.01712288 
 -7.44122061 -0.15352892 -0.01746854 
 -7.41620810 -0.15495498 -0.01782500 
 -7.39119560 -0.15640926 -0.01819276 
 -7.36618309 -0.15789262 -0.01857228 
 -7.34117059 -0.15940596 -0.01896410 
 -7.31615808 -0.16095018 -0.01936872 
 -7.29114557 -0.16252626 -0.01978676 
 -7.26613307 -0.16413518 -0.02021878 
 -7.24112056 -0.16577800 -0.02066544 
 -7.21610805 -0.16745580 -0.02112742 
 -7.19109555 -0.16916970 -0.02160544 
 -7.16608304 -0.17092090 -0.02210024 
 -7.14107054 -0.17271064 -0.02261262 
 -7.11605803 -0.17454018 -0.02314344 
 -7.09104552 -0.17641088 -0.02369362 
 -7.06603302 -0.17832414 -0.02426410 
 -7.04102051 -0.18028144 -0.02485590 
 -7.01600800 -0.18228428 -0.02547012 
 -6.99099550 -0.18433430 -0.02610790 
 -6.96598299 -0.18643314 -0.02677048 
 -6.94097049 -0.18858258 -0.02745916 
 -6.91595798 -0.19078446 -0.02817538 
 -6.89094547 -0.19304070 -0.02892058 
 -6.86593297 -0.19535330 -0.02969640 
 -6.84092046 -0.19772440 -0.03050456 
 -6.81590795 -0.20015620 -0.03134684 
 -6.79089545 -0.20265102 -0.03222526 
 -6.76588294 -0.20521134 -0.03314190 
 -6.74087044 -0.20783968 -0.03409904 
 -6.71585793 -0.21053874 -0.03509908 
 -6.69084542 -0.21331136 -0.03614468 
 -6.66583292 -0.21616048 -0.03723862 
 -6.64082041 -0.21908926 -0.03838398 
 -6.61580790 -0.22210096 -0.03958402 
 -6.59079540 -0.22519904 -0.04084228 
 -6.56578289 -0.22838710 -0.04216264 
 -6.54077039 -0.23166900 -0.04354920 
 -6.51575788 -0.23504870 -0.04500652 
 -6.49074537 -0.23853046 -0.04653948 
 -6.46573287 -0.24211870 -0.04815340 
 -6.44072036 -0.24581810 -0.04985408 
 -6.41570785 -0.24963356 -0.05164786 
 -6.39069535 -0.25357022 -0.05354162 
 -6.36568284 -0.25763350 -0.05554290 
 -6.34067034 -0.26182908 -0.05765996 
 -6.31565783 -0.26616288 -0.05990186 
 -6.29064532 -0.27064114 -0.06227854 
 -6.26563282 -0.27527036 -0.06480092 
 -6.24062031 -0.28005730 -0.06748104 
 -6.21560780 -0.28500900 -0.07033216 
 -6.19059530 -0.29013276 -0.07336894 
 -6.16558279 -0.29543608 -0.07660762 
 -6.14057029 -0.30092668 -0.08006616 
 -6.11555778 -0.30661240 -0.08376448 
 -6.09054527 -0.31250116 -0.08772480 
 -6.06553277 -0.31860084 -0.09197176 
 -6.04052026 -0.32491916 -0.09653286 
 -6.01550775 -0.33146352 -0.10143886 
 -5.99049525 -0.33824076 -0.10672406 
 -5.96548274 -0.34525688 -0.11242686 
 -5.94047024 -0.35251662 -0.11859032 
 -5.91545773 -0.36002302 -0.12526268 
 -5.89044522 -0.36777672 -0.13249804 
 -5.86543272 -0.37577522 -0.14035704 
 -5.84042021 -0.38401178 -0.14890770 
 -5.81540770 -0.39247406 -0.15822616 
 -5.79039520 -0.40114252 -0.16839750 
 -5.76538269 -0.40998820 -0.17951644 
 -5.74037019 -0.41897006 -0.19168800 
 -5.71535768 -0.42803164 -0.20502778 
 -5.69034517 -0.43709700 -0.21966186 
 -5.66533267 -0.44606572 -0.23572588 
 -5.64032016 -0.45480702 -0.25336304 
 -5.61530765 -0.46315312 -0.27272038 
 -5.59029515 -0.47089180 -0.29394296 
 -5.56528264 -0.47775894 -0.31716476 
 -5.54027014 -0.48343176 -0.34249602 
 -5.51525763 -0.48752434 -0.37000596 
 -5.49024512 -0.48958732 -0.39970110 
 -5.46523262 -0.48911444 -0.43149952 
 -5.44022011 -0.48555868 -0.46520336 
 -5.41520760 -0.47836030 -0.50047310 
 -5.39019510 -0.46698728 -0.53680890 
 -5.36518259 -0.45098668 -0.57354540 
 -5.34017009 -0.43004132 -0.60986568 
 -5.31515758 -0.40402318 -0.64483752 
 -5.29014507 -0.37303344 -0.67747070 
 -5.26513257 -0.33741938 -0.70678806 
 -5.24012006 -0.29776428 -0.73189852 
 -5.21510755 -0.25485294 -0.75205936 
 -5.19009505 -0.20962326 -0.76671992 
 -5.16508254 -0.16311496 -0.77554774 
 -5.14007004 -0.11642118 -0.77844482 
 -5.11505753 -0.07063822 -0.77556194 
 -5.09004502 -0.02680346 -0.76730856 
 -5.06503252  0.01418378 -0.75434452 
 -5.04002001  0.05164826 -0.73753584 
 -5.01500750  0.08520770 -0.71786762 
 -4.98999500  0.11479830 -0.69632604 
 -4.96498249  0.14064302 -0.67377688 
 -4.93996998  0.16316750 -0.65087136 
 -4.91495748  0.18288480 -0.62800186 
 -4.88994497  0.20027674 -0.60531516 
 -4.86493247  0.21570000 -0.58277652 
 -4.83991996  0.22933676 -0.56026584 
 -4.81490745  0.24119914 -0.53767912 
 -4.78989495  0.25118060 -0.51500806 
 -4.76488244  0.25913476 -0.49237852 
 -4.73986993  0.26495488 -0.47004300 
 -4.71485743  0.26863192 -0.44833808 
 -4.68984492  0.27028030 -0.42762574 
 -4.66483242  0.27013334 -0.40823778 
 -4.63981991  0.26851854 -0.39043410 
 -4.61480740  0.26582454 -0.37437866 
 -4.58979490  0.26246740 -0.36012950 
 -4.56478239  0.25886080 -0.34763820 
 -4.53976988  0.25538924 -0.33675476 
 -4.51475738  0.25238284 -0.32723626 
 -4.48974487  0.25009216 -0.31876086 
 -4.46473237  0.24866384 -0.31094982 
 -4.43971986  0.24812108 -0.30340048 
 -4.41470735  0.24835584 -0.29572928 
 -4.38969485  0.24913976 -0.28761970 
 -4.36468234  0.25015628 -0.27886422 
 -4.33966983  0.25105022 -0.26938902 
 -4.31465733  0.25148324 -0.25925352 
 -4.28964482  0.25118138 -0.24862562 
 -4.26463232  0.24996358 -0.23774114 
 -4.23961981  0.24774850 -0.22685966 
 -4.21460730  0.24454298 -0.21622778 
 -4.18959480  0.24042012 -0.20605490 
 -4.16458229  0.23549476 -0.19650242 
 -4.13956978  0.22990188 -0.18768324 
 -4.11455728  0.22378048 -0.17966764 
 -4.08954477  0.21726320 -0.17249214 
 -4.06453227  0.21047114 -0.16616866 
 -4.03951976  0.20351226 -0.16069256 
 -4.01450725  0.19648236 -0.15604900 
 -3.98949475  0.18946742 -0.15221744 
 -3.96448224  0.18254674 -0.14917408 
 -3.93946973  0.17579606 -0.14689284 
 -3.91445723  0.16929066 -0.14534462 
 -3.88944472  0.16310750 -0.14449530 
 -3.86443222  0.15732652 -0.14430232 
 -3.83941971  0.15203020 -0.14471056 
 -3.81440720  0.14730088 -0.14564740 
 -3.78939470  0.14321546 -0.14701862 
 -3.76438219  0.13983714 -0.14870594 
 -3.73936968  0.13720490 -0.15056822 
 -3.71435718  0.13532232 -0.15244790 
 -3.68934467  0.13414890 -0.15418344 
 -3.66433217  0.13359704 -0.15562648 
 -3.63931966  0.13353784 -0.15666030 
 -3.61430715  0.13381546 -0.15721430 
 -3.58929465  0.13426704 -0.15727030 
 -3.56428214  0.13474252 -0.15685846 
 -3.53926963  0.13511878 -0.15604552 
 -3.51425713  0.13530558 -0.15492026 
 -3.48924462  0.13524464 -0.15358114 
 -3.46423212  0.13490584 -0.15212878 
 -3.43921961  0.13428404 -0.15066192 
 -3.41420710  0.13339824 -0.14927446 
 -3.38919460  0.13229184 -0.14805052 
 -3.36418209  0.13103164 -0.14705720 
 -3.33916958  0.12970324 -0.14633596 
 -3.31415708  0.12840176 -0.14589498 
 -3.28914457  0.12721886 -0.14570546 
 -3.26413207  0.12622728 -0.14570354 
 -3.23911956  0.12546620 -0.14579936 
 -3.21410705  0.12493076 -0.14589288 
 -3.18909455  0.12456926 -0.14589468 
 -3.16408204  0.12429068 -0.14574700 
 -3.13906953  0.12398186 -0.14543992 
 -3.11405703  0.12353084 -0.14501782 
 -3.08904452  0.12285034 -0.14457418 
 -3.06403202  0.12189572 -0.14423708 
 -3.03901951  0.12067412 -0.14414968 
 -3.01400700  0.11924512 -0.14445086 
 -2.98899450  0.11771508 -0.14525922 
 -2.96398199  0.11622858 -0.14666118 
 -2.93896948  0.11495896 -0.14870254 
 -2.91395698  0.11409880 -0.15138168 
 -2.88894447  0.11384944 -0.15464318 
 -2.86393197  0.11440810 -0.15837182 
 -2.83891946  0.11595084 -0.16238820 
 -2.81390695  0.11861040 -0.16644910 
 -2.78889445  0.12245022 -0.17025666 
 -2.76388194  0.12743922 -0.17348006 
 -2.73886943  0.13343412 -0.17579118 
 -2.71385693  0.14017846 -0.17691008 
 -2.68884442  0.14732380 -0.17665136 
 -2.66383192  0.15447276 -0.17495786 
 -2.63881941  0.16123464 -0.17191116 
 -2.61380690  0.16727930 -0.16771490 
 -2.58879440  0.17237562 -0.16265678 
 -2.56378189  0.17640724 -0.15706134 
 -2.53876938  0.17936692 -0.15124584 
 -2.51375688  0.18133628 -0.14548766 
 -2.48874437  0.18245954 -0.14000552 
 -2.46373187  0.18291798 -0.13495274 
 -2.43871936  0.18290856 -0.13041816 
 -2.41370685  0.18262756 -0.12643130 
 -2.38869435  0.18225786 -0.12296874 
 -2.36368184  0.18195854 -0.11996110 
 -2.33866933  0.18185526 -0.11730076 
 -2.31365683  0.18203124 -0.11485184 
 -2.28864432  0.18251984 -0.11246342 
 -2.26363182  0.18330122 -0.10998638 
 -2.23861931  0.18430560 -0.10729212 
 -2.21360680  0.18542444 -0.10428964 
 -2.18859430  0.18652830 -0.10093666 
 -2.16358179  0.18748816 -0.09724170 
 -2.13856928  0.18819430 -0.09325654 
 -2.11355678  0.18856898 -0.08906194 
 -2.08854427  0.18857048 -0.08475124 
 -2.06353177  0.18819006 -0.08041592 
 -2.03851926  0.18744456 -0.07613608 
 -2.01350675  0.18636750 -0.07197568 
 -1.98849425  0.18500156 -0.06798192 
 -1.96348174  0.18339276 -0.06418676 
 -1.93846923  0.18158674 -0.06060928 
 -1.91345673  0.17962656 -0.05725814 
 -1.88844422  0.17755120 -0.05413384 
 -1.86343172  0.17539482 -0.05123056 
 -1.83841921  0.17318632 -0.04853802 
 -1.81340670  0.17094928 -0.04604314 
 -1.78839420  0.16870224 -0.04373138 
 -1.76338169  0.16645928 -0.04158804 
 -1.73836918  0.16423084 -0.03959912 
 -1.71335668  0.16202452 -0.03775168 
 -1.68834417  0.15984596 -0.03603420 
 -1.66333167  0.15769938 -0.03443636 
 -1.63831916  0.15558812 -0.03294886 
 -1.61330665  0.15351484 -0.03156324 
 -1.58829415  0.15148162 -0.03027172 
 -1.56328164  0.14949006 -0.02906700 
 -1.53826913  0.14754126 -0.02794228 
 -1.51325663  0.14563594 -0.02689116 
 -1.48824412  0.14377436 -0.02590772 
 -1.46323162  0.14195644 -0.02498644 
 -1.43821911  0.14018180 -0.02412224 
 -1.41320660  0.13844984 -0.02331050 
 -1.38819410  0.13675978 -0.02254694 
 -1.36318159  0.13511064 -0.02182768 
 -1.33816908  0.13350142 -0.02114920 
 -1.31315658  0.13193096 -0.02050830 
 -1.28814407  0.13039812 -0.01990208 
 -1.26313157  0.12890174 -0.01932788 
 -1.23811906  0.12744064 -0.01878334 
 -1.21310655  0.12601362 -0.01826624 
 -1.18809405  0.12461954 -0.01777466 
 -1.16308154  0.12325728 -0.01730676 
 -1.13806903  0.12192574 -0.01686090 
 -1.11305653  0.12062386 -0.01643562 
 -1.08804402  0.11935058 -0.01602950 
 -1.06303152  0.11810494 -0.01564134 
 -1.03801901  0.11688598 -0.01526998 
 -1.01300650  0.11569276 -0.01491434 
 -0.98799400  0.11452442 -0.01457348 
 -0.96298149  0.11338012 -0.01424650 
 -0.93796898  0.11225904 -0.01393258 
 -0.91295648  0.11116040 -0.01363098 
 -0.88794397  0.11008348 -0.01334096 
 -0.86293147  0.10902754 -0.01306192 
 -0.83791896  0.10799192 -0.01279320 
 -0.81290645  0.10697596 -0.01253430 
 -0.78789395  0.10597904 -0.01228466 
 -0.76288144  0.10500054 -0.01204382 
 -0.73786893  0.10403992 -0.01181132 
 -0.71285643  0.10309662 -0.01158674 
 -0.68784392  0.10217012 -0.01136968 
 -0.66283142  0.10125990 -0.01115980 
 -0.63781891  0.10036548 -0.01095672 
 -0.61280640  0.09948638 -0.01076016 
 -0.58779390  0.09862220 -0.01056978 
 -0.56278139  0.09777248 -0.01038532 
 -0.53776888  0.09693682 -0.01020652 
 -0.51275638  0.09611482 -0.01003310 
 -0.48774387  0.09530610 -0.00986484 
 -0.46273137  0.09451030 -0.00970152 
 -0.43771886  0.09372706 -0.00954294 
 -0.41270635  0.09295606 -0.00938890 
 -0.38769385  0.09219694 -0.00923918 
 -0.36268134  0.09144944 -0.00909364 
 -0.33766883  0.09071322 -0.00895212 
 -0.31265633  0.08998800 -0.00881442 
 -0.28764382  0.08927348 -0.00868042 
 -0.26263132  0.08856944 -0.00854996 
 -0.23761881  0.08787556 -0.00842294 
 -0.21260630  0.08719164 -0.00829920 
 -0.18759380  0.08651740 -0.00817862 
 -0.16258129  0.08585262 -0.00806108 
 -0.13756878  0.08519708 -0.00794650 
 -0.11255628  0.08455054 -0.00783474 
 -0.08754377  0.08391282 -0.00772572 
 -0.06253127  0.08328368 -0.00761934 
 -0.03751876  0.08266294 -0.00751550 
 -0.01250625  0.08205040 -0.00741414 
  0.01250625  0.08144588 -0.00731514 
  0.03751876  0.08084920 -0.00721844 
  0.06253127  0.08026020 -0.00712398 
  0.08754377  0.07967868 -0.00703166 
  0.11255628  0.07910450 -0.00694142 
  0.13756878  0.07853750 -0.00685320 
  0.16258129  0.07797750 -0.00676694 
  0.18759380  0.07742438 -0.00668256 
  0.21260630  0.07687798 -0.00660002 
  0.23761881  0.07633818 -0.00651926 
  0.26263132  0.07580480 -0.00644022 
  0.28764382  0.07527776 -0.00636286 
  0.31265633  0.07475688 -0.00628710 
  0.33766883  0.07424208 -0.00621294 
  0.36268134  0.07373320 -0.00614030 
  0.38769385  0.07323016 -0.00606914 
  0.41270635  0.07273280 -0.00599942 
  0.43771886  0.07224104 -0.00593112 
  0.46273137  0.07175476 -0.00586418 
  0.48774387  0.07127386 -0.00579854 
  0.51275638  0.07079824 -0.00573422 
  0.53776888  0.07032778 -0.00567114 
  0.56278139  0.06986240 -0.00560928 
  0.58779390  0.06940200 -0.00554862 
  0.61280640  0.06894648 -0.00548910 
  0.63781891  0.06849574 -0.00543072 
  0.66283142  0.06804972 -0.00537342 
  0.68784392  0.06760832 -0.00531720 
  0.71285643  0.06717146 -0.00526202 
  0.73786893  0.06673904 -0.00520786 
  0.76288144  0.06631100 -0.00515468 
  0.78789395  0.06588726 -0.00510248 
  0.81290645  0.06546772 -0.00505122 
  0.83791896  0.06505234 -0.00500086 
  0.86293147  0.06464102 -0.00495140 
  0.88794397  0.06423372 -0.00490284 
  0.91295648  0.06383034 -0.00485510 
  0.93796898  0.06343082 -0.00480822 
  0.96298149  0.06303510 -0.00476214 
  0.98799400  0.06264312 -0.00471686 
  1.01300650  0.06225480 -0.00467236 
  1.03801901  0.06187008 -0.00462860 
  1.06303152  0.06148892 -0.00458560 
  1.08804402  0.06111126 -0.00454332 
  1.11305653  0.06073702 -0.00450176 
  1.13806903  0.06036614 -0.00446088 
  1.16308154  0.05999860 -0.00442068 
  1.18809405  0.05963432 -0.00438114 
  1.21310655  0.05927324 -0.00434224 
  1.23811906  0.05891534 -0.00430400 
  1.26313157  0.05856054 -0.00426636 
  1.28814407  0.05820880 -0.00422934 
  1.31315658  0.05786006 -0.00419290 
  1.33816908  0.05751430 -0.00415706 
  1.36318159  0.05717144 -0.00412178 
  1.38819410  0.05683146 -0.00408706 
  1.41320660  0.05649432 -0.00405288 
  1.43821911  0.05615994 -0.00401924 
  1.46323162  0.05582832 -0.00398614 
  1.48824412  0.05549938 -0.00395354 
  1.51325663  0.05517310 -0.00392144 
  1.53826913  0.05484944 -0.00388986 
  1.56328164  0.05452836 -0.00385874 
  1.58829415  0.05420980 -0.00382810 
  1.61330665  0.05389374 -0.00379794 
  1.63831916  0.05358016 -0.00376822 
  1.66333167  0.05326900 -0.00373896 
  1.68834417  0.05296022 -0.00371014 
  1.71335668  0.05265378 -0.00368174 
  1.73836918  0.05234968 -0.00365376 
  1.76338169  0.05204784 -0.00362622 
  1.78839420  0.05174828 -0.00359908 
  1.81340670  0.05145092 -0.00357232 
  1.83841921  0.05115574 -0.00354598 
  1.86343172  0.05086272 -0.00352002 
  1.88844422  0.05057182 -0.00349442 
  1.91345673  0.05028300 -0.00346922 
  1.93846923  0.04999624 -0.00344438 
  1.96348174  0.04971152 -0.00341988 
  1.98849425  0.04942882 -0.00339576 
  2.01350675  0.04914806 -0.00337198 
  2.03851926  0.04886926 -0.00334852 
  2.06353177  0.04859238 -0.00332542 
  2.08854427  0.04831740 -0.00330264 
  2.11355678  0.04804426 -0.00328020 
  2.13856928  0.04777298 -0.00325806 
  2.16358179  0.04750350 -0.00323624 
  2.18859430  0.04723580 -0.00321472 
  2.21360680  0.04696986 -0.00319352 
  2.23861931  0.04670566 -0.00317260 
  2.26363182  0.04644318 -0.00315200 
  2.28864432  0.04618238 -0.00313166 
  2.31365683  0.04592326 -0.00311162 
  2.33866933  0.04566576 -0.00309186 
  2.36368184  0.04540988 -0.00307238 
  2.38869435  0.04515562 -0.00305316 
  2.41370685  0.04490290 -0.00303420 
  2.43871936  0.04465176 -0.00301552 
  2.46373187  0.04440214 -0.00299710 
  2.48874437  0.04415404 -0.00297892 
  2.51375688  0.04390742 -0.00296100 
  2.53876938  0.04366226 -0.00294332 
  2.56378189  0.04341856 -0.00292590 
  2.58879440  0.04317630 -0.00290872 
  2.61380690  0.04293542 -0.00289176 
  2.63881941  0.04269596 -0.00287504 
  2.66383192  0.04245786 -0.00285856 
  2.68884442  0.04222110 -0.00284228 
  2.71385693  0.04198568 -0.00282626 
  2.73886943  0.04175158 -0.00281044 
  2.76388194  0.04151878 -0.00279484 
  2.78889445  0.04128726 -0.00277944 
  2.81390695  0.04105700 -0.00276426 
  2.83891946  0.04082798 -0.00274930 
  2.86393197  0.04060020 -0.00273454 
  2.88894447  0.04037362 -0.00271998 
  2.91395698  0.04014824 -0.00270562 
  2.93896948  0.03992404 -0.00269146 
  2.96398199  0.03970100 -0.00267750 
  2.98899450  0.03947910 -0.00266372 
  3.01400700  0.03925834 -0.00265014 
  3.03901951  0.03903870 -0.00263676 
  3.06403202  0.03882014 -0.00262354 
  3.08904452  0.03860268 -0.00261052 
  3.11405703  0.03838628 -0.00259766 
  3.13906953  0.03817094 -0.00258500 
  3.16408204  0.03795664 -0.00257250 
  3.18909455  0.03774336 -0.00256020 
  3.21410705  0.03753110 -0.00254804 
  3.23911956  0.03731984 -0.00253608 
  3.26413207  0.03710956 -0.00252426 
  3.28914457  0.03690024 -0.00251262 
  3.31415708  0.03669188 -0.00250114 
  3.33916958  0.03648448 -0.00248984 
  3.36418209  0.03627800 -0.00247868 
  3.38919460  0.03607242 -0.00246768 
  3.41420710  0.03586776 -0.00245684 
  3.43921961  0.03566398 -0.00244616 
  3.46423212  0.03546108 -0.00243564 
  3.48924462  0.03525906 -0.00242526 
  3.51425713  0.03505788 -0.00241504 
  3.53926963  0.03485754 -0.00240496 
  3.56428214  0.03465802 -0.00239502 
  3.58929465  0.03445934 -0.00238524 
  3.61430715  0.03426144 -0.00237560 
  3.63931966  0.03406434 -0.00236610 
  3.66433217  0.03386802 -0.00235676 
  3.68934467  0.03367248 -0.00234754 
  3.71435718  0.03347768 -0.00233846 
  3.73936968  0.03328364 -0.00232952 
  3.76438219  0.03309032 -0.00232072 
  3.78939470  0.03289772 -0.00231204 
  3.81440720  0.03270586 -0.00230352 
  3.83941971  0.03251468 -0.00229512 
  3.86443222  0.03232420 -0.00228684 
  3.88944472  0.03213438 -0.00227870 
  3.91445723  0.03194524 -0.00227070 
  3.93946973  0.03175676 -0.00226282 
  3.96448224  0.03156894 -0.00225506 
  3.98949475  0.03138174 -0.00224742 
  4.01450725  0.03119518 -0.00223992 
  4.03951976  0.03100922 -0.00223254 
  4.06453227  0.03082388 -0.00222528 
  4.08954477  0.03063914 -0.00221814 
  4.11455728  0.03045498 -0.00221114 
  4.13956978  0.03027140 -0.00220424 
  4.16458229  0.03008838 -0.00219746 
  4.18959480  0.02990590 -0.00219082 
  4.21460730  0.02972400 -0.00218428 
  4.23961981  0.02954262 -0.00217786 
  4.26463232  0.02936176 -0.00217156 
  4.28964482  0.02918144 -0.00216536 
  4.31465733  0.02900160 -0.00215928 
  4.33966983  0.02882228 -0.00215334 
  4.36468234  0.02864344 -0.00214748 
  4.38969485  0.02846508 -0.00214176 
  4.41470735  0.02828720 -0.00213614 
  4.43971986  0.02810978 -0.00213062 
  4.46473237  0.02793280 -0.00212522 
  4.48974487  0.02775628 -0.00211994 
  4.51475738  0.02758018 -0.00211476 
  4.53976988  0.02740452 -0.00210968 
  4.56478239  0.02722926 -0.00210472 
  4.58979490  0.02705442 -0.00209988 
  4.61480740  0.02687998 -0.00209514 
  4.63981991  0.02670592 -0.00209050 
  4.66483242  0.02653224 -0.00208596 
  4.68984492  0.02635892 -0.00208154 
  4.71485743  0.02618598 -0.00207722 
  4.73986993  0.02601340 -0.00207302 
  4.76488244  0.02584116 -0.00206890 
  4.78989495  0.02566924 -0.00206490 
  4.81490745  0.02549766 -0.00206102 
  4.83991996  0.02532640 -0.00205722 
  4.86493247  0.02515546 -0.00205354 
  4.88994497  0.02498480 -0.00204994 
  4.91495748  0.02481446 -0.00204646 
  4.93996998  0.02464438 -0.00204310 
  4.96498249  0.02447460 -0.00203982 
  4.98999500  0.02430506 -0.00203664 
  5.01500750  0.02413580 -0.00203358 
  5.04002001  0.02396678 -0.00203062 
  5.06503252  0.02379802 -0.00202776 
  5.09004502  0.02362948 -0.00202500 
  5.11505753  0.02346116 -0.00202234 
  5.14007004  0.02329306 -0.00201978 
  5.16508254  0.02312518 -0.00201732 
  5.19009505  0.02295750 -0.00201498 
  5.21510755  0.02279000 -0.00201272 
  5.24012006  0.02262268 -0.00201058 
  5.26513257  0.02245556 -0.00200854 
  5.29014507  0.02228858 -0.00200660 
  5.31515758  0.02212176 -0.00200476 
  5.34017009  0.02195510 -0.00200302 
  5.36518259  0.02178858 -0.00200138 
  5.39019510  0.02162220 -0.00199984 
  5.41520760  0.02145592 -0.00199842 
  5.44022011  0.02128978 -0.00199710 
  5.46523262  0.02112374 -0.00199586 
  5.49024512  0.02095778 -0.00199474 
  5.51525763  0.02079194 -0.00199372 
  5.54027014  0.02062616 -0.00199282 
  5.56528264  0.02046046 -0.00199200 
  5.59029515  0.02029482 -0.00199130 
  5.61530765  0.02012924 -0.00199070 
  5.64032016  0.01996372 -0.00199020 
  5.66533267  0.01979822 -0.00198982 
  5.69034517  0.01963276 -0.00198952 
  5.71535768  0.01946732 -0.00198934 
  5.74037019  0.01930188 -0.00198926 
  5.76538269  0.01913646 -0.00198930 
  5.79039520  0.01897102 -0.00198944 
  5.81540770  0.01880556 -0.00198968 
  5.84042021  0.01864010 -0.00199004 
  5.86543272  0.01847460 -0.00199050 
  5.89044522  0.01830906 -0.00199108 
  5.91545773  0.01814346 -0.00199176 
  5.94047024  0.01797780 -0.00199256 
  5.96548274  0.01781208 -0.00199346 
  5.99049525  0.01764628 -0.00199448 
  6.01550775  0.01748040 -0.00199560 
  6.04052026  0.01731442 -0.00199684 
  6.06553277  0.01714834 -0.00199820 
  6.09054527  0.01698214 -0.00199966 
  6.11555778  0.01681580 -0.00200124 
  6.14057029  0.01664936 -0.00200294 
  6.16558279  0.01648274 -0.00200476 
  6.19059530  0.01631600 -0.00200668 
  6.21560780  0.01614908 -0.00200874 
  6.24062031  0.01598200 -0.00201090 
  6.26563282  0.01581472 -0.00201320 
  6.29064532  0.01564726 -0.00201560 
  6.31565783  0.01547960 -0.00201814 
  6.34067034  0.01531172 -0.00202080 
  6.36568284  0.01514362 -0.00202358 
  6.39069535  0.01497528 -0.00202648 
  6.41570785  0.01480670 -0.00202950 
  6.44072036  0.01463788 -0.00203266 
  6.46573287  0.01446878 -0.00203596 
  6.49074537  0.01429942 -0.00203938 
  6.51575788  0.01412978 -0.00204292 
  6.54077039  0.01395982 -0.00204660 
  6.56578289  0.01378956 -0.00205042 
  6.59079540  0.01361900 -0.00205436 
  6.61580790  0.01344810 -0.00205844 
  6.64082041  0.01327686 -0.00206268 
  6.66583292  0.01310526 -0.00206704 
  6.69084542  0.01293330 -0.00207154 
  6.71585793  0.01276096 -0.00207618 
  6.74087044  0.01258824 -0.00208098 
  6.76588294  0.01241512 -0.00208590 
  6.79089545  0.01224160 -0.00209100 
  6.81590795  0.01206764 -0.00209622 
  6.84092046  0.01189326 -0.00210160 
  6.86593297  0.01171842 -0.00210714 
  6.89094547  0.01154312 -0.00211284 
  6.91595798  0.01136736 -0.00211868 
  6.94097049  0.01119110 -0.00212468 
  6.96598299  0.01101436 -0.00213086 
  6.99099550  0.01083708 -0.00213718 
  7.01600800  0.01065930 -0.00214368 
  7.04102051  0.01048096 -0.00215034 
  7.06603302  0.01030208 -0.00215716 
  7.09104552  0.01012262 -0.00216416 
  7.11605803  0.00994260 -0.00217134 
  7.14107054  0.00976196 -0.00217870 
  7.16608304  0.00958074 -0.00218622 
  7.19109555  0.00939886 -0.00219394 
  7.21610805  0.00921636 -0.00220184 
  7.24112056  0.00903320 -0.00220992 
  7.26613307  0.00884938 -0.00221820 
  7.29114557  0.00866486 -0.00222666 
  7.31615808  0.00847964 -0.00223532 
  7.34117059  0.00829372 -0.00224418 
  7.36618309  0.00810704 -0.00225324 
  7.39119560  0.00791962 -0.00226252 
  7.41620810  0.00773144 -0.00227198 
  7.44122061  0.00754246 -0.00228168 
  7.46623312  0.00735268 -0.00229158 
  7.49124562  0.00716208 -0.00230170 
  7.51625813  0.00697066 -0.00231204 
  7.54127064  0.00677836 -0.00232260 
  7.56628314  0.00658520 -0.00233340 
  7.59129565  0.00639114 -0.00234444 
  7.61630815  0.00619616 -0.00235570 
  7.64132066  0.00600026 -0.00236720 
  7.66633317  0.00580340 -0.00237896 
  7.69134567  0.00560558 -0.00239098 
  7.71635818  0.00540674 -0.00240324 
  7.74137069  0.00520692 -0.00241576 
  7.76638319  0.00500604 -0.00242854 
  7.79139570  0.00480410 -0.00244160 
  7.81640820  0.00460110 -0.00245492 
  7.84142071  0.00439698 -0.00246854 
  7.86643322  0.00419176 -0.00248242 
  7.89144572  0.00398536 -0.00249660 
  7.91645823  0.00377782 -0.00251108 
  7.94147074  0.00356906 -0.00252586 
  7.96648324  0.00335908 -0.00254096 
  7.99149575  0.00314786 -0.00255636 
  8.01650825  0.00293538 -0.00257208 
  8.04152076  0.00272158 -0.00258812 
  8.06653327  0.00250648 -0.00260450 
  8.09154577  0.00229002 -0.00262122 
  8.11655828  0.00207216 -0.00263830 
  8.14157079  0.00185292 -0.00265572 
  8.16658329  0.00163222 -0.00267350 
  8.19159580  0.00141008 -0.00269166 
  8.21660830  0.00118642 -0.00271018 
  8.24162081  0.00096124 -0.00272910 
  8.26663332  0.00073450 -0.00274840 
  8.29164582  0.00050618 -0.00276812 
  8.31665833  0.00027622 -0.00278824 
  8.34167084  0.00004460 -0.00280878 
  8.36668334 -0.00018870 -0.00282976 
  8.39169585 -0.00042372 -0.00285118 
  8.41670835 -0.00066052 -0.00287304 
  8.44172086 -0.00089910 -0.00289536 
  8.46673337 -0.00113954 -0.00291816 
  8.49174587 -0.00138184 -0.00294144 
  8.51675838 -0.00162606 -0.00296522 
  8.54177089 -0.00187224 -0.00298948 
  8.56678339 -0.00212040 -0.00301428 
  8.59179590 -0.00237060 -0.00303962 
  8.61680840 -0.00262288 -0.00306548 
  8.64182091 -0.00287730 -0.00309190 
  8.66683342 -0.00313388 -0.00311890 
  8.69184592 -0.00339268 -0.00314648 
  8.71685843 -0.00365374 -0.00317468 
  8.74187094 -0.00391710 -0.00320346 
  8.76688344 -0.00418284 -0.00323290 
  8.79189595 -0.00445098 -0.00326298 
  8.81690845 -0.00472160 -0.00329372 
  8.84192096 -0.00499472 -0.00332514 
  8.86693347 -0.00527044 -0.00335726 
  8.89194597 -0.00554876 -0.00339012 
  8.91695848 -0.00582980 -0.00342370 
  8.94197099 -0.00611356 -0.00345804 
  8.96698349 -0.00640014 -0.00349316 
  8.99199600 -0.00668960 -0.00352908 
  9.01700850 -0.00698198 -0.00356582 
  9.04202101 -0.00727738 -0.00360342 
  9.06703352 -0.00757584 -0.00364190 
  9.09204602 -0.00787744 -0.00368126 
  9.11705853 -0.00818224 -0.00372154 
  9.14207104 -0.00849034 -0.00376278 
  9.16708354 -0.00880180 -0.00380500 
  9.19209605 -0.00911670 -0.00384822 
  9.21710855 -0.00943512 -0.00389248 
  9.24212106 -0.00975716 -0.00393782 
  9.26713357 -0.01008288 -0.00398424 
  9.29214607 -0.01041236 -0.00403182 
  9.31715858 -0.01074572 -0.00408056 
  9.34217109 -0.01108304 -0.00413050 
  9.36718359 -0.01142442 -0.00418170 
  9.39219610 -0.01176994 -0.00423420 
  9.41720860 -0.01211972 -0.00428800 
  9.44222111 -0.01247388 -0.00434320 
  9.46723362 -0.01283250 -0.00439980 
  9.49224612 -0.01319570 -0.00445788 
  9.51725863 -0.01356360 -0.00451746 
  9.54227114 -0.01393632 -0.00457862 
  9.56728364 -0.01431398 -0.00464140 
  9.59229615 -0.01469670 -0.00470584 
  9.61730865 -0.01508462 -0.00477204 
  9.64232116 -0.01547788 -0.00484002 
  9.66733367 -0.01587662 -0.00490986 
  9.69234617 -0.01628098 -0.00498164 
  9.71735868 -0.01669110 -0.00505542 
  9.74237119 -0.01710716 -0.00513128 
  9.76738369 -0.01752930 -0.00520928 
  9.79239620 -0.01795770 -0.00528950 
  9.81740870 -0.01839252 -0.00537206 
  9.84242121 -0.01883394 -0.00545700 
  9.86743372 -0.01928216 -0.00554446 
  9.89244622 -0.01973738 -0.00563452 
  9.91745873 -0.02019976 -0.00572728 
  9.94247124 -0.02066954 -0.00582284 
  9.96748374 -0.02114690 -0.00592132 
  9.99249625 -0.02163212 -0.00602286 
 10.01750875 -0.02212538 -0.00612758 
 10.04252126 -0.02262694 -0.00623558 
 10.06753377 -0.02313704 -0.00634706 
 10.09254627 -0.02365596 -0.00646210 
 10.11755878 -0.02418396 -0.00658092 
 10.14257129 -0.02472132 -0.00670364 
 10.16758379 -0.02526832 -0.00683048 
 10.19259630 -0.02582528 -0.00696158 
 10.21760880 -0.02639252 -0.00709716 
 10.24262131 -0.02697036 -0.00723742 
 10.26763382 -0.02755916 -0.00738258 
 10.29264632 -0.02815926 -0.00753288 
 10.31765883 -0.02877104 -0.00768858 
 10.34267134 -0.02939488 -0.00784992 
 10.36768384 -0.03003122 -0.00801718 
 10.39269635 -0.03068048 -0.00819068 
 10.41770885 -0.03134308 -0.00837072 
 10.44272136 -0.03201952 -0.00855764 
 10.46773387 -0.03271026 -0.00875182 
 10.49274637 -0.03341582 -0.00895362 
 10.51775888 -0.03413674 -0.00916344 
 10.54277139 -0.03487356 -0.00938176 
 10.56778389 -0.03562690 -0.00960902 
 10.59279640 -0.03639734 -0.00984574 
 10.61780890 -0.03718554 -0.01009244 
 10.64282141 -0.03799218 -0.01034972 
 10.66783392 -0.03881794 -0.01061820 
 10.69284642 -0.03966360 -0.01089852 
 10.71785893 -0.04052992 -0.01119146 
 10.74287144 -0.04141772 -0.01149774 
 10.76788394 -0.04232786 -0.01181822 
 10.79289645 -0.04326126 -0.01215382 
 10.81790895 -0.04421884 -0.01250550 
 10.84292146 -0.04520160 -0.01287432 
 10.86793397 -0.04621062 -0.01326144 
 10.89294647 -0.04724698 -0.01366810 
 10.91795898 -0.04831184 -0.01409566 
 10.94297149 -0.04940642 -0.01454560 
 10.96798399 -0.05053200 -0.01501952 
 10.99299650 -0.05168992 -0.01551916 
 11.01800900 -0.05288158 -0.01604646 
 11.04302151 -0.05410848 -0.01660352 
 11.06803402 -0.05537216 -0.01719260 
 11.09304652 -0.05667424 -0.01781626 
 11.11805903 -0.05801642 -0.01847726 
 11.14307154 -0.05940044 -0.01917864 
 11.16808404 -0.06082820 -0.01992376 
 11.19309655 -0.06230154 -0.02071636 
 11.21810905 -0.06382248 -0.02156052 
 11.24312156 -0.06539304 -0.02246080 
 11.26813407 -0.06701530 -0.02342224 
 11.29314657 -0.06869134 -0.02445044 
 11.31815908 -0.07042328 -0.02555168 
 11.34317159 -0.07221324 -0.02673286 
 11.36818409 -0.07406324 -0.02800178 
 11.39319660 -0.07597522 -0.02936714 
 11.41820910 -0.07795090 -0.03083864 
 11.44322161 -0.07999182 -0.03242718 
 11.46823412 -0.08209906 -0.03414500 
 11.49324662 -0.08427328 -0.03600586 
 11.51825913 -0.08651436 -0.03802518 
 11.54327164 -0.08882128 -0.04022034 
 11.56828414 -0.09119180 -0.04261088 
 11.59329665 -0.09362204 -0.04521874 
 11.61830915 -0.09610598 -0.04806850 
 11.64332166 -0.09863488 -0.05118778 
 11.66833417 -0.10119644 -0.05460726 
 11.69334667 -0.10377380 -0.05836108 
 11.71835918 -0.10634432 -0.06248674 
 11.74337169 -0.10887792 -0.06702518 
 11.76838419 -0.11133532 -0.07202024 
 11.79339670 -0.11366558 -0.07751796 
 11.81840920 -0.11580350 -0.08356504 
 11.84342171 -0.11766654 -0.09020644 
 11.86843422 -0.11915156 -0.09748168 
 11.89344672 -0.12013174 -0.10541938 
 11.91845923 -0.12045422 -0.11402954 
 11.94347174 -0.11993936 -0.12329336 
 11.96848424 -0.11838336 -0.13315042 
 11.99349675 -0.11556562 -0.14348372 
 12.01850925 -0.11126356 -0.15410446 
 12.04352176 -0.10527612 -0.16473984 
 12.06853427 -0.09745668 -0.17502872 
 12.09354677 -0.08775248 -0.18453134 
 12.11855928 -0.07624358 -0.19275860 
 12.14357179 -0.06317106 -0.19922210 
 12.16858429 -0.04894138 -0.20349950 
 12.19359680 -0.03409900 -0.20530182 
 12.21860930 -0.01926770 -0.20452444 
 12.24362181 -0.00507238 -0.20126628 
 12.26863432  0.00793890 -0.19581108 
 12.29364682  0.01935352 -0.18857700 
 12.31865933  0.02892208 -0.18005064 
 12.34367184  0.03655486 -0.17072236 
 12.36868434  0.04229534 -0.16103644 
 12.39369685  0.04628218 -0.15136128 
 12.41870935  0.04871060 -0.14197858 
 12.44372186  0.04979942 -0.13308674 
 12.46873437  0.04976726 -0.12481218 
 12.49374687  0.04881722 -0.11722438 
 12.51875938  0.04712886 -0.11035046 
 12.54377189  0.04485530 -0.10418828 
 12.56878439  0.04212362 -0.09871676 
 12.59379690  0.03903706 -0.09390382 
 12.61880940  0.03567802 -0.08971210 
 12.64382191  0.03211136 -0.08610286 
 12.66883442  0.02838740 -0.08303866 
 12.69384692  0.02454480 -0.08048498 
 12.71885943  0.02061282 -0.07841120 
 12.74387194  0.01661348 -0.07679122 
 12.76888444  0.01256320 -0.07560374 
 12.79389695  0.00847422 -0.07483230 
 12.81890945  0.00435582 -0.07446532 
 12.84392196  0.00021540 -0.07449618 
 12.86893447 -0.00394056 -0.07492298 
 12.89394697 -0.00810562 -0.07574872 
 12.91895948 -0.01227252 -0.07698114 
 12.94397199 -0.01643216 -0.07863276 
 12.96898449 -0.02057262 -0.08072078 
 12.99399700 -0.02467798 -0.08326698 
 13.01900950 -0.02872696 -0.08629746 
 13.04402201 -0.03269142 -0.08984226 
 13.06903452 -0.03653448 -0.09393440 
 13.09404702 -0.04020864 -0.09860876 
 13.11905953 -0.04365364 -0.10390006 
 13.14407204 -0.04679438 -0.10984000 
 13.16908454 -0.04953936 -0.11645326 
 13.19409705 -0.05177980 -0.12375244 
 13.21910955 -0.05339044 -0.13173154 
 13.24412206 -0.05423266 -0.14035916 
 13.26913457 -0.05416070 -0.14957148 
 13.29414707 -0.05303122 -0.15926764 
 13.31915958 -0.05071574 -0.16930852 
 13.34417209 -0.04711354 -0.17952156 
 13.36918459 -0.04216202 -0.18971146 
 13.39419710 -0.03584054 -0.19967544 
 13.41920960 -0.02816544 -0.20921790 
 13.44422211 -0.01917730 -0.21815916 
 13.46923462 -0.00892588 -0.22633310 
 13.49424712  0.00253928 -0.23357354 
 13.51925963  0.01516484 -0.23969486 
 13.54427214  0.02887358 -0.24447656 
 13.56928464  0.04353178 -0.24766336 
 13.59429715  0.05891566 -0.24898774 
 13.61930965  0.07469188 -0.24821484 
 13.64432216  0.09042512 -0.24519834 
 13.66933467  0.10561736 -0.23992978 
 13.69434717  0.11977062 -0.23256272 
 13.71935968  0.13245514 -0.22340232 
 13.74437219  0.14336290 -0.21286360 
 13.76938469  0.15233346 -0.20141232 
 13.79439720  0.15935006 -0.18950664 
 13.81940970  0.16451382 -0.17755202 
 13.84442221  0.16800754 -0.16587564 
 13.86943472  0.17005936 -0.15471850 
 13.89444722  0.17091298 -0.14424038 
 13.91945973  0.17080622 -0.13453174 
 13.94447224  0.16995792 -0.12562782 
 13.96948474  0.16856110 -0.11752230 
 13.99449725  0.16678038 -0.11017868 
 14.01950975  0.16475148 -0.10353944 
 14.04452226  0.16258198 -0.09753350 
 14.06953477  0.16035236 -0.09208216 
 14.09454727  0.15811750 -0.08710500 
 14.11955978  0.15590876 -0.08252508 
 14.14457229  0.15373736 -0.07827420 
 14.16958479  0.15159922 -0.07429688 
 14.19459730  0.14948068 -0.07055264 
 14.21960980  0.14736458 -0.06701610 
 14.24462231  0.14523532 -0.06367490 
 14.26963482  0.14308248 -0.06052616 
 14.29464732  0.14090232 -0.05757266 
 14.31965983  0.13869764 -0.05481932 
 14.34467234  0.13647684 -0.05227076 
 14.36968484  0.13425232 -0.04992974 
 14.39469735  0.13203920 -0.04779646 
 14.41970985  0.12985408 -0.04586844 
 14.44472236  0.12771446 -0.04414062 
 14.46973487  0.12563816 -0.04260536 
 14.49474737  0.12364320 -0.04125248 
 14.51975988  0.12174758 -0.04006902 
 14.54477239  0.11996898 -0.03903870 
 14.56978489  0.11832408 -0.03814136 
 14.59479740  0.11682746 -0.03735230 
 14.61980990  0.11548984 -0.03664208 
 14.64482241  0.11431604 -0.03597688 
 14.66983492  0.11330250 -0.03532020 
 14.69484742  0.11243572 -0.03463566 
 14.71985993  0.11169158 -0.03389094 
 14.74487244  0.11103706 -0.03306190 
 14.76988494  0.11043362 -0.03213606 
 14.79489745  0.10984212 -0.03111386 
 14.81990995  0.10922788 -0.03000766 
 14.84492246  0.10856436 -0.02883864 
 14.86993497  0.10783516 -0.02763250 
 14.89494747  0.10703358 -0.02641544 
 14.91995998  0.10616108 -0.02521098 
 14.94497249  0.10522480 -0.02403824 
 14.96998499  0.10423524 -0.02291118 
 14.99499750  0.10320416 -0.02183898 
 15.02001001  0.10214336 -0.02082676 
 15.04502251  0.10106362 -0.01987636 
 15.07003502  0.09997434 -0.01898734 
 15.09504752  0.09888340 -0.01815768 
 15.12006003  0.09779718 -0.01738436 
 15.14507254  0.09672070 -0.01666384 
 15.17008504  0.09565784 -0.01599238 
 15.19509755  0.09461148 -0.01536616 
 15.22011006  0.09358368 -0.01478154 
 15.24512256  0.09257592 -0.01423504 
 15.27013507  0.09158910 -0.01372346 
 15.29514757  0.09062378 -0.01324384 
 15.32016008  0.08968020 -0.01279344 
 15.34517259  0.08875836 -0.01236982 
 15.37018509  0.08785806 -0.01197076 
 15.39519760  0.08697902 -0.01159424 
 15.42021011  0.08612084 -0.01123846 
 15.44522261  0.08528306 -0.01090176 
 15.47023512  0.08446514 -0.01058268 
 15.49524762  0.08366654 -0.01027988 
 15.52026013  0.08288674 -0.00999214 
 15.54527264  0.08212512 -0.00971838 
 15.57028514  0.08138116 -0.00945760 
 15.59529765  0.08065428 -0.00920890 
 15.62031016  0.07994392 -0.00897148 
 15.64532266  0.07924956 -0.00874456 
 15.67033517  0.07857066 -0.00852748 
 15.69534767  0.07790670 -0.00831962 
 15.72036018  0.07725722 -0.00812040 
 15.74537269  0.07662172 -0.00792930 
 15.77038519  0.07599976 -0.00774582 
 15.79539770  0.07539088 -0.00756954 
 15.82041021  0.07479466 -0.00740004 
 15.84542271  0.07421070 -0.00723694 
 15.87043522  0.07363858 -0.00707988 
 15.89544772  0.07307796 -0.00692856 
 15.92046023  0.07252846 -0.00678266 
 15.94547274  0.07198974 -0.00664190 
 15.97048524  0.07146146 -0.00650602 
 15.99549775  0.07094330 -0.00637478 
 16.02051026  0.07043496 -0.00624794 
 16.04552276  0.06993614 -0.00612532 
 16.07053527  0.06944656 -0.00600668 
 16.09554777  0.06896592 -0.00589186 
 16.12056028  0.06849400 -0.00578066 
 16.14557279  0.06803054 -0.00567296 
 16.17058529  0.06757528 -0.00556856 
 16.19559780  0.06712800 -0.00546734 
 16.22061031  0.06668846 -0.00536914 
 16.24562281  0.06625648 -0.00527386 
 16.27063532  0.06583182 -0.00518136 
 16.29564782  0.06541430 -0.00509154 
 16.32066033  0.06500370 -0.00500428 
 16.34567284  0.06459988 -0.00491946 
 16.37068534  0.06420262 -0.00483702 
 16.39569785  0.06381176 -0.00475684 
 16.42071036  0.06342716 -0.00467884 
 16.44572286  0.06304862 -0.00460292 
 16.47073537  0.06267602 -0.00452904 
 16.49574787  0.06230920 -0.00445708 
 16.52076038  0.06194800 -0.00438702 
 16.54577289  0.06159228 -0.00431874 
 16.57078539  0.06124194 -0.00425220 
 16.59579790  0.06089682 -0.00418734 
 16.62081041  0.06055680 -0.00412410 
 16.64582291  0.06022176 -0.00406242 
 16.67083542  0.05989160 -0.00400224 
 16.69584792  0.05956618 -0.00394350 
 16.72086043  0.05924540 -0.00388620 
 16.74587294  0.05892916 -0.00383024 
 16.77088544  0.05861734 -0.00377560 
 16.79589795  0.05830986 -0.00372222 
 16.82091046  0.05800660 -0.00367008 
 16.84592296  0.05770748 -0.00361914 
 16.87093547  0.05741242 -0.00356934 
 16.89594797  0.05712132 -0.00352066 
 16.92096048  0.05683410 -0.00347306 
 16.94597299  0.05655066 -0.00342650 
 16.97098549  0.05627092 -0.00338098 
 16.99599800  0.05599484 -0.00333644 
 17.02101051  0.05572228 -0.00329284 
 17.04602301  0.05545324 -0.00325018 
 17.07103552  0.05518758 -0.00320842 
 17.09604802  0.05492528 -0.00316754 
 17.12106053  0.05466624 -0.00312750 
 17.14607304  0.05441040 -0.00308828 
 17.17108554  0.05415772 -0.00304988 
 17.19609805  0.05390810 -0.00301224 
 17.22111056  0.05366152 -0.00297536 
 17.24612306  0.05341788 -0.00293922 
 17.27113557  0.05317716 -0.00290380 
 17.29614807  0.05293928 -0.00286908 
 17.32116058  0.05270420 -0.00283502 
 17.34617309  0.05247184 -0.00280162 
 17.37118559  0.05224218 -0.00276888 
 17.39619810  0.05201516 -0.00273674 
 17.42121061  0.05179072 -0.00270522 
 17.44622311  0.05156882 -0.00267430 
 17.47123562  0.05134942 -0.00264394 
 17.49624812  0.05113246 -0.00261416 
 17.52126063  0.05091790 -0.00258492 
 17.54627314  0.05070570 -0.00255622 
 17.57128564  0.05049584 -0.00252802 
 17.59629815  0.05028824 -0.00250034 
 17.62131066  0.05008288 -0.00247316 
 17.64632316  0.04987970 -0.00244646 
 17.67133567  0.04967870 -0.00242022 
 17.69634817  0.04947982 -0.00239446 
 17.72136068  0.04928302 -0.00236912 
 17.74637319  0.04908828 -0.00234424 
 17.77138569  0.04889556 -0.00231978 
 17.79639820  0.04870480 -0.00229574 
 17.82141071  0.04851600 -0.00227210 
 17.84642321  0.04832912 -0.00224886 
 17.87143572  0.04814412 -0.00222602 
 17.89644822  0.04796098 -0.00220354 
 17.92146073  0.04777966 -0.00218144 
 17.94647324  0.04760014 -0.00215972 
 17.97148574  0.04742238 -0.00213832 
 17.99649825  0.04724634 -0.00211730 
 18.02151076  0.04707204 -0.00209660 
 18.04652326  0.04689940 -0.00207624 
 18.07153577  0.04672842 -0.00205620 
 18.09654827  0.04655906 -0.00203646 
 18.12156078  0.04639132 -0.00201706 
 18.14657329  0.04622516 -0.00199794 
 18.17158579  0.04606054 -0.00197912 
 18.19659830  0.04589746 -0.00196060 
 18.22161081  0.04573588 -0.00194236 
 18.24662331  0.04557580 -0.00192440 
 18.27163582  0.04541718 -0.00190670 
 18.29664832  0.04526000 -0.00188928 
 18.32166083  0.04510424 -0.00187212 
 18.34667334  0.04494986 -0.00185522 
 18.37168584  0.04479688 -0.00183856 
 18.39669835  0.04464526 -0.00182216 
 18.42171086  0.04449496 -0.00180598 
 18.44672336  0.04434600 -0.00179006 
 18.47173587  0.04419832 -0.00177434 
 18.49674837  0.04405194 -0.00175888 
 18.52176088  0.04390680 -0.00174362 
 18.54677339  0.04376292 -0.00172858 
 18.57178589  0.04362028 -0.00171376 
 18.59679840  0.04347882 -0.00169914 
 18.62181091  0.04333858 -0.00168474 
 18.64682341  0.04319950 -0.00167052 
 18.67183592  0.04306160 -0.00165652 
 18.69684842  0.04292484 -0.00164270 
 18.72186093  0.04278920 -0.00162906 
 18.74687344  0.04265468 -0.00161562 
 18.77188594  0.04252126 -0.00160236 
 18.79689845  0.04238892 -0.00158928 
 18.82191096  0.04225766 -0.00157638 
 18.84692346  0.04212744 -0.00156364 
 18.87193597  0.04199828 -0.00155108 
 18.89694847  0.04187012 -0.00153868 
 18.92196098  0.04174300 -0.00152646 
 18.94697349  0.04161688 -0.00151438 
 18.97198599  0.04149174 -0.00150246 
 18.99699850  0.04136758 -0.00149070 
 19.02201101  0.04124438 -0.00147910 
 19.04702351  0.04112214 -0.00146764 
 19.07203602  0.04100082 -0.00145632 
 19.09704852  0.04088044 -0.00144516 
 19.12206103  0.04076098 -0.00143412 
 19.14707354  0.04064242 -0.00142324 
 19.17208604  0.04052474 -0.00141248 
 19.19709855  0.04040796 -0.00140186 
 19.22211106  0.04029204 -0.00139138 
 19.24712356  0.04017698 -0.00138102 
 19.27213607  0.04006278 -0.00137080 
 19.29714857  0.03994940 -0.00136068 
 19.32216108  0.03983686 -0.00135070 
 19.34717359  0.03972514 -0.00134084 
 19.37218609  0.03961422 -0.00133110 
 19.39719860  0.03950412 -0.00132148 
 19.42221111  0.03939478 -0.00131198 
 19.44722361  0.03928624 -0.00130258 
 19.47223612  0.03917848 -0.00129330 
 19.49724862  0.03907146 -0.00128412 
 19.52226113  0.03896520 -0.00127506 
 19.54727364  0.03885970 -0.00126610 
 19.57228614  0.03875492 -0.00125724 
 19.59729865  0.03865088 -0.00124848 
 19.62231116  0.03854754 -0.00123984 
 19.64732366  0.03844492 -0.00123128 
 19.67233617  0.03834300 -0.00122282 
 19.69734867  0.03824178 -0.00121448 
 19.72236118  0.03814126 -0.00120620 
 19.74737369  0.03804140 -0.00119804 
 19.77238619  0.03794222 -0.00118996 
 19.79739870  0.03784370 -0.00118196 
 19.82241121  0.03774584 -0.00117406 
 19.84742371  0.03764862 -0.00116626 
 19.87243622  0.03755204 -0.00115854 
 19.89744872  0.03745612 -0.00115090 
 19.92246123  0.03736080 -0.00114334 
 19.94747374  0.03726612 -0.00113586 
 19.97248624  0.03717204 -0.00112846 
 19.99749875  0.03707858 -0.00112116 
 20.02251126  0.03698572 -0.00111392 
 20.04752376  0.03689346 -0.00110676 
 20.07253627  0.03680178 -0.00109968 
 20.09754877  0.03671070 -0.00109268 
 20.12256128  0.03662018 -0.00108574 
 20.14757379  0.03653022 -0.00107888 
 20.17258629  0.03644084 -0.00107210 
 20.19759880  0.03635202 -0.00106538 
 20.22261131  0.03626376 -0.00105874 
 20.24762381  0.03617602 -0.00105216 
 20.27263632  0.03608884 -0.00104566 
 20.29764882  0.03600220 -0.00103922 
 20.32266133  0.03591608 -0.00103284 
 20.34767384  0.03583050 -0.00102652 
 20.37268634  0.03574542 -0.00102028 
 20.39769885  0.03566086 -0.00101410 
 20.42271136  0.03557682 -0.00100798 
 20.44772386  0.03549328 -0.00100192 
 20.47273637  0.03541024 -0.00099592 
 20.49774887  0.03532768 -0.00098998 
 20.52276138  0.03524562 -0.00098410 
 20.54777389  0.03516406 -0.00097828 
 20.57278639  0.03508296 -0.00097252 
 20.59779890  0.03500234 -0.00096682 
 20.62281141  0.03492218 -0.00096116 
 20.64782391  0.03484250 -0.00095556 
 20.67283642  0.03476328 -0.00095002 
 20.69784892  0.03468452 -0.00094454 
 20.72286143  0.03460620 -0.00093910 
 20.74787394  0.03452834 -0.00093372 
 20.77288644  0.03445092 -0.00092838 
 20.79789895  0.03437394 -0.00092310 
 20.82291146  0.03429738 -0.00091788 
 20.84792396  0.03422128 -0.00091270 
 20.87293647  0.03414558 -0.00090756 
 20.89794897  0.03407032 -0.00090248 
 20.92296148  0.03399548 -0.00089744 
 20.94797399  0.03392104 -0.00089246 
 20.97298649  0.03384702 -0.00088752 
 20.99799900  0.03377342 -0.00088262 
 21.02301151  0.03370022 -0.00087776 
 21.04802401  0.03362740 -0.00087296 
 21.07303652  0.03355500 -0.00086818 
 21.09804902  0.03348298 -0.00086346 
 21.12306153  0.03341136 -0.00085880 
 21.14807404  0.03334012 -0.00085416 
 21.17308654  0.03326926 -0.00084956 
 21.19809905  0.03319878 -0.00084502 
 21.22311156  0.03312868 -0.00084050 
 21.24812406  0.03305896 -0.00083602 
 21.27313657  0.03298960 -0.00083160 
 21.29814907  0.03292060 -0.00082720 
 21.32316158  0.03285196 -0.00082286 
 21.34817409  0.03278370 -0.00081854 
 21.37318659  0.03271578 -0.00081426 
 21.39819910  0.03264822 -0.00081002 
 21.42321161  0.03258100 -0.00080582 
 21.44822411  0.03251414 -0.00080166 
 21.47323662  0.03244762 -0.00079752 
 21.49824912  0.03238144 -0.00079342 
 21.52326163  0.03231558 -0.00078936 
 21.54827414  0.03225008 -0.00078534 
 21.57328664  0.03218490 -0.00078136 
 21.59829915  0.03212006 -0.00077740 
 21.62331166  0.03205554 -0.00077348 
 21.64832416  0.03199136 -0.00076958 
 21.67333667  0.03192748 -0.00076572 
 21.69834917  0.03186392 -0.00076190 
 21.72336168  0.03180068 -0.00075810 
 21.74837419  0.03173776 -0.00075434 
 21.77338669  0.03167514 -0.00075062 
 21.79839920  0.03161284 -0.00074692 
 21.82341171  0.03155084 -0.00074326 
 21.84842421  0.03148914 -0.00073962 
 21.87343672  0.03142776 -0.00073600 
 21.89844922  0.03136666 -0.00073242 
 21.92346173  0.03130586 -0.00072888 
 21.94847424  0.03124534 -0.00072536 
 21.97348674  0.03118512 -0.00072186 
 21.99849925  0.03112520 -0.00071840 
 22.02351176  0.03106556 -0.00071496 
 22.04852426  0.03100620 -0.00071156 
 22.07353677  0.03094712 -0.00070818 
 22.09854927  0.03088832 -0.00070482 
 22.12356178  0.03082980 -0.00070148 
 22.14857429  0.03077156 -0.00069818 
 22.17358679  0.03071358 -0.00069492 
 22.19859930  0.03065588 -0.00069166 
 22.22361181  0.03059846 -0.00068844 
 22.24862431  0.03054130 -0.00068524 
 22.27363682  0.03048440 -0.00068206 
 22.29864932  0.03042776 -0.00067892 
 22.32366183  0.03037138 -0.00067580 
 22.34867434  0.03031526 -0.00067268 
 22.37368684  0.03025940 -0.00066962 
 22.39869935  0.03020380 -0.00066656 
 22.42371186  0.03014844 -0.00066352 
 22.44872436  0.03009334 -0.00066052 
 22.47373687  0.03003848 -0.00065754 
 22.49874937  0.02998386 -0.00065458 
 22.52376188  0.02992950 -0.00065164 
 22.54877439  0.02987538 -0.00064872 
 22.57378689  0.02982150 -0.00064582 
 22.59879940  0.02976786 -0.00064296 
 22.62381191  0.02971446 -0.00064010 
 22.64882441  0.02966130 -0.00063726 
 22.67383692  0.02960836 -0.00063446 
 22.69884942  0.02955566 -0.00063166 
 22.72386193  0.02950320 -0.00062890 
 22.74887444  0.02945096 -0.00062616 
 22.77388694  0.02939896 -0.00062342 
 22.79889945  0.02934716 -0.00062072 
 22.82391196  0.02929560 -0.00061802 
 22.84892446  0.02924426 -0.00061536 
 22.87393697  0.02919314 -0.00061270 
 22.89894947  0.02914224 -0.00061008 
 22.92396198  0.02909156 -0.00060746 
 22.94897449  0.02904110 -0.00060488 
 22.97398699  0.02899086 -0.00060230 
 22.99899950  0.02894082 -0.00059974 
 23.02401201  0.02889100 -0.00059720 
 23.04902451  0.02884138 -0.00059468 
 23.07403702  0.02879196 -0.00059218 
 23.09904952  0.02874278 -0.00058970 
 23.12406203  0.02869378 -0.00058724 
 23.14907454  0.02864498 -0.00058478 
 23.17408704  0.02859640 -0.00058236 
 23.19909955  0.02854802 -0.00057994 
 23.22411206  0.02849982 -0.00057754 
 23.24912456  0.02845184 -0.00057516 
 23.27413707  0.02840406 -0.00057280 
 23.29914957  0.02835646 -0.00057044 
 23.32416208  0.02830906 -0.00056812 
 23.34917459  0.02826186 -0.00056580 
 23.37418709  0.02821484 -0.00056350 
 23.39919960  0.02816802 -0.00056122 
 23.42421211  0.02812138 -0.00055894 
 23.44922461  0.02807494 -0.00055668 
 23.47423712  0.02802868 -0.00055444 
 23.49924962  0.02798260 -0.00055222 
 23.52426213  0.02793672 -0.00055002 
 23.54927464  0.02789100 -0.00054782 
 23.57428714  0.02784548 -0.00054564 
 23.59929965  0.02780014 -0.00054348 
 23.62431216  0.02775496 -0.00054132 
 23.64932466  0.02770998 -0.00053920 
 23.67433717  0.02766518 -0.00053706 
 23.69934967  0.02762054 -0.00053496 
 23.72436218  0.02757608 -0.00053286 
 23.74937469  0.02753180 -0.00053078 
 23.77438719  0.02748768 -0.00052872 
 23.79939970  0.02744374 -0.00052666 
 23.82441221  0.02739996 -0.00052462 
 23.84942471  0.02735636 -0.00052260 
 23.87443722  0.02731292 -0.00052058 
 23.89944972  0.02726966 -0.00051858 
 23.92446223  0.02722656 -0.00051660 
 23.94947474  0.02718362 -0.00051462 
 23.97448724  0.02714084 -0.00051266 
 23.99949975  0.02709822 -0.00051072 
 24.02451226  0.02705578 -0.00050878 
 24.04952476  0.02701348 -0.00050686 
 24.07453727  0.02697136 -0.00050494 
 24.09954977  0.02692938 -0.00050304 
 24.12456228  0.02688758 -0.00050116 
 24.14957479  0.02684592 -0.00049928 
 24.17458729  0.02680442 -0.00049742 
 24.19959980  0.02676306 -0.00049556 
 24.22461231  0.02672186 -0.00049372 
 24.24962481  0.02668082 -0.00049188 
 24.27463732  0.02663994 -0.00049006 
 24.29964982  0.02659920 -0.00048826 
 24.32466233  0.02655860 -0.00048646 
 24.34967484  0.02651816 -0.00048468 
 24.37468734  0.02647788 -0.00048290 
 24.39969985  0.02643774 -0.00048114 
 24.42471236  0.02639774 -0.00047940 
 24.44972486  0.02635788 -0.00047764 
 24.47473737  0.02631816 -0.00047592 
 24.49974987  0.02627860 -0.00047420 
 24.52476238  0.02623918 -0.00047248 
 24.54977489  0.02619990 -0.00047078 
 24.57478739  0.02616076 -0.00046910 
 24.59979990  0.02612176 -0.00046742 
 24.62481241  0.02608290 -0.00046574 
 24.64982491  0.02604418 -0.00046408 
 24.67483742  0.02600558 -0.00046244 
 24.69984992  0.02596714 -0.00046080 
 24.72486243  0.02592882 -0.00045918 
 24.74987494  0.02589064 -0.00045756 
 24.77488744  0.02585260 -0.00045594 
 24.79989995  0.02581470 -0.00045434 
 24.82491246  0.02577692 -0.00045274 
 24.84992496  0.02573928 -0.00045116 
 24.87493747  0.02570176 -0.00044960 
 24.89994997  0.02566438 -0.00044802 
 24.92496248  0.02562712 -0.00044648 
 24.94997499  0.02559000 -0.00044492 
 24.97498749  0.02555300 -0.00044340 
 25.00000000  0.02551614 -0.00044186 
