-25.00000000 -0.02268548 -0.00030782 
-24.97498749 -0.02271116 -0.00030854 
-24.94997499 -0.02273692 -0.00030926 
-24.92496248 -0.02276272 -0.00031000 
-24.89994997 -0.02278858 -0.00031072 
-24.87493747 -0.02281450 -0.00031146 
-24.84992496 -0.02284050 -0.00031220 
-24.82491246 -0.02286654 -0.00031294 
-24.79989995 -0.02289266 -0.00031368 
-24.77488744 -0.02291882 -0.00031442 
-24.74987494 -0.02294506 -0.00031516 
-24.72486243 -0.02297136 -0.00031592 
-24.69984992 -0.02299772 -0.00031666 
-24.67483742 -0.02302414 -0.00031742 
-24.64982491 -0.02305064 -0.00031818 
-24.62481241 -0.02307718 -0.00031894 
-24.59979990 -0.02310380 -0.00031970 
-24.57478739 -0.02313046 -0.00032048 
-24.54977489 -0.02315720 -0.00032124 
-24.52476238 -0.02318402 -0.00032202 
-24.49974987 -0.02321088 -0.00032280 
-24.47473737 -0.02323782 -0.00032356 
-24.44972486 -0.02326482 -0.00032436 
-24.42471236 -0.02329188 -0.00032514 
-24.39969985 -0.02331900 -0.00032592 
-24.37468734 -0.02334620 -0.00032672 
-24.34967484 -0.02337346 -0.00032750 
-24.32466233 -0.02340078 -0.00032830 
-24.29964982 -0.02342818 -0.00032910 
-24.27463732 -0.02345564 -0.00032990 
-24.24962481 -0.02348316 -0.00033070 
-24.22461231 -0.02351076 -0.00033152 
-24.19959980 -0.02353842 -0.00033232 
-24.17458729 -0.02356616 -0.00033314 
-24.14957479 -0.02359396 -0.00033396 
-24.12456228 -0.02362182 -0.00033478 
-24.09954977 -0.02364974 -0.00033560 
-24.07453727 -0.02367776 -0.00033642 
-24.04952476 -0.02370582 -0.00033724 
-24.02451226 -0.02373396 -0.00033808 
-23.99949975 -0.02376218 -0.00033892 
-23.97448724 -0.02379046 -0.00033976 
-23.94947474 -0.02381880 -0.00034060 
-23.92446223 -0.02384722 -0.00034144 
-23.89944972 -0.02387572 -0.00034230 
-23.87443722 -0.02390428 -0.00034314 
-23.84942471 -0.02393290 -0.00034400 
-23.82441221 -0.02396160 -0.00034486 
-23.79939970 -0.02399038 -0.00034572 
-23.77438719 -0.02401922 -0.00034658 
-23.74937469 -0.02404814 -0.00034744 
-23.72436218 -0.02407714 -0.00034832 
-23.69934967 -0.02410620 -0.00034920 
-23.67433717 -0.02413534 -0.00035008 
-23.64932466 -0.02416456 -0.00035096 
-23.62431216 -0.02419384 -0.00035184 
-23.59929965 -0.02422320 -0.00035272 
-23.57428714 -0.02425262 -0.00035362 
-23.54927464 -0.02428214 -0.00035452 
-23.52426213 -0.02431172 -0.00035542 
-23.49924962 -0.02434136 -0.00035632 
-23.47423712 -0.02437110 -0.00035722 
-23.44922461 -0.02440090 -0.00035812 
-23.42421211 -0.02443078 -0.00035904 
-23.39919960 -0.02446074 -0.00035996 
-23.37418709 -0.02449078 -0.00036088 
-23.34917459 -0.02452090 -0.00036180 
-23.32416208 -0.02455108 -0.00036272 
-23.29914957 -0.02458136 -0.00036366 
-23.27413707 -0.02461170 -0.00036460 
-23.24912456 -0.02464212 -0.00036554 
-23.22411206 -0.02467262 -0.00036648 
-23.19909955 -0.02470320 -0.00036742 
-23.17408704 -0.02473386 -0.00036836 
-23.14907454 -0.02476460 -0.00036932 
-23.12406203 -0.02479540 -0.00037028 
-23.09904952 -0.02482630 -0.00037124 
-23.07403702 -0.02485728 -0.00037220 
-23.04902451 -0.02488834 -0.00037316 
-23.02401201 -0.02491948 -0.00037414 
-22.99899950 -0.02495070 -0.00037512 
-22.97398699 -0.02498200 -0.00037610 
-22.94897449 -0.02501338 -0.00037708 
-22.92396198 -0.02504484 -0.00037806 
-22.89894947 -0.02507640 -0.00037906 
-22.87393697 -0.02510802 -0.00038006 
-22.84892446 -0.02513974 -0.00038106 
-22.82391196 -0.02517152 -0.00038206 
-22.79889945 -0.02520340 -0.00038306 
-22.77388694 -0.02523538 -0.00038408 
-22.74887444 -0.02526742 -0.00038510 
-22.72386193 -0.02529956 -0.00038612 
-22.69884942 -0.02533178 -0.00038714 
-22.67383692 -0.02536408 -0.00038818 
-22.64882441 -0.02539646 -0.00038920 
-22.62381191 -0.02542894 -0.00039024 
-22.59879940 -0.02546150 -0.00039128 
-22.57378689 -0.02549416 -0.00039232 
-22.54877439 -0.02552690 -0.00039338 
-22.52376188 -0.02555972 -0.00039444 
-22.49874937 -0.02559264 -0.00039550 
-22.47373687 -0.02562564 -0.00039656 
-22.44872436 -0.02565872 -0.00039762 
-22.42371186 -0.02569190 -0.00039870 
-22.39869935 -0.02572516 -0.00039976 
-22.37368684 -0.02575852 -0.00040084 
-22.34867434 -0.02579198 -0.00040194 
-22.32366183 -0.02582552 -0.00040302 
-22.29864932 -0.02585914 -0.00040412 
-22.27363682 -0.02589286 -0.00040522 
-22.24862431 -0.02592668 -0.00040632 
-22.22361181 -0.02596058 -0.00040742 
-22.19859930 -0.02599458 -0.00040854 
-22.17358679 -0.02602866 -0.00040966 
-22.14857429 -0.02606284 -0.00041078 
-22.12356178 -0.02609712 -0.00041190 
-22.09854927 -0.02613150 -0.00041304 
-22.07353677 -0.02616596 -0.00041418 
-22.04852426 -0.02620052 -0.00041532 
-22.02351176 -0.02623518 -0.00041646 
-21.99849925 -0.02626992 -0.00041762 
-21.97348674 -0.02630478 -0.00041876 
-21.94847424 -0.02633972 -0.00041992 
-21.92346173 -0.02637476 -0.00042110 
-21.89844922 -0.02640990 -0.00042226 
-21.87343672 -0.02644514 -0.00042344 
-21.84842421 -0.02648046 -0.00042462 
-21.82341171 -0.02651590 -0.00042580 
-21.79839920 -0.02655142 -0.00042700 
-21.77338669 -0.02658706 -0.00042820 
-21.74837419 -0.02662278 -0.00042940 
-21.72336168 -0.02665862 -0.00043060 
-21.69834917 -0.02669454 -0.00043182 
-21.67333667 -0.02673058 -0.00043302 
-21.64832416 -0.02676672 -0.00043424 
-21.62331166 -0.02680294 -0.00043548 
-21.59829915 -0.02683928 -0.00043670 
-21.57328664 -0.02687572 -0.00043794 
-21.54827414 -0.02691226 -0.00043918 
-21.52326163 -0.02694892 -0.00044044 
-21.49824912 -0.02698566 -0.00044170 
-21.47323662 -0.02702252 -0.00044296 
-21.44822411 -0.02705948 -0.00044422 
-21.42321161 -0.02709656 -0.00044548 
-21.39819910 -0.02713372 -0.00044676 
-21.37318659 -0.02717100 -0.00044804 
-21.34817409 -0.02720840 -0.00044934 
-21.32316158 -0.02724588 -0.00045062 
-21.29814907 -0.02728350 -0.00045192 
-21.27313657 -0.02732120 -0.00045322 
-21.24812406 -0.02735902 -0.00045454 
-21.22311156 -0.02739694 -0.00045586 
-21.19809905 -0.02743498 -0.00045718 
-21.17308654 -0.02747314 -0.00045850 
-21.14807404 -0.02751140 -0.00045984 
-21.12306153 -0.02754976 -0.00046118 
-21.09804902 -0.02758826 -0.00046252 
-21.07303652 -0.02762684 -0.00046388 
-21.04802401 -0.02766556 -0.00046524 
-21.02301151 -0.02770438 -0.00046660 
-20.99799900 -0.02774332 -0.00046798 
-20.97298649 -0.02778236 -0.00046934 
-20.94797399 -0.02782152 -0.00047074 
-20.92296148 -0.02786080 -0.00047212 
-20.89794897 -0.02790020 -0.00047352 
-20.87293647 -0.02793972 -0.00047492 
-20.84792396 -0.02797934 -0.00047632 
-20.82291146 -0.02801908 -0.00047774 
-20.79789895 -0.02805896 -0.00047916 
-20.77288644 -0.02809894 -0.00048058 
-20.74787394 -0.02813904 -0.00048202 
-20.72286143 -0.02817926 -0.00048346 
-20.69784892 -0.02821960 -0.00048492 
-20.67283642 -0.02826006 -0.00048636 
-20.64782391 -0.02830066 -0.00048782 
-20.62281141 -0.02834136 -0.00048930 
-20.59779890 -0.02838218 -0.00049076 
-20.57278639 -0.02842314 -0.00049224 
-20.54777389 -0.02846422 -0.00049374 
-20.52276138 -0.02850542 -0.00049524 
-20.49774887 -0.02854674 -0.00049674 
-20.47273637 -0.02858820 -0.00049824 
-20.44772386 -0.02862976 -0.00049976 
-20.42271136 -0.02867146 -0.00050128 
-20.39769885 -0.02871330 -0.00050282 
-20.37268634 -0.02875526 -0.00050434 
-20.34767384 -0.02879734 -0.00050590 
-20.32266133 -0.02883956 -0.00050744 
-20.29764882 -0.02888190 -0.00050900 
-20.27263632 -0.02892438 -0.00051058 
-20.24762381 -0.02896698 -0.00051214 
-20.22261131 -0.02900972 -0.00051372 
-20.19759880 -0.02905258 -0.00051532 
-20.17258629 -0.02909558 -0.00051692 
-20.14757379 -0.02913872 -0.00051852 
-20.12256128 -0.02918198 -0.00052012 
-20.09754877 -0.02922538 -0.00052174 
-20.07253627 -0.02926892 -0.00052338 
-20.04752376 -0.02931260 -0.00052500 
-20.02251126 -0.02935640 -0.00052666 
-19.99749875 -0.02940036 -0.00052830 
-19.97248624 -0.02944444 -0.00052996 
-19.94747374 -0.02948866 -0.00053162 
-19.92246123 -0.02953302 -0.00053330 
-19.89744872 -0.02957752 -0.00053498 
-19.87243622 -0.02962216 -0.00053668 
-19.84742371 -0.02966694 -0.00053838 
-19.82241121 -0.02971188 -0.00054008 
-19.79739870 -0.02975694 -0.00054180 
-19.77238619 -0.02980214 -0.00054352 
-19.74737369 -0.02984750 -0.00054526 
-19.72236118 -0.02989300 -0.00054700 
-19.69734867 -0.02993864 -0.00054874 
-19.67233617 -0.02998444 -0.00055050 
-19.64732366 -0.03003038 -0.00055228 
-19.62231116 -0.03007646 -0.00055404 
-19.59729865 -0.03012270 -0.00055584 
-19.57228614 -0.03016908 -0.00055762 
-19.54727364 -0.03021560 -0.00055944 
-19.52226113 -0.03026228 -0.00056124 
-19.49724862 -0.03030912 -0.00056306 
-19.47223612 -0.03035610 -0.00056490 
-19.44722361 -0.03040324 -0.00056674 
-19.42221111 -0.03045054 -0.00056858 
-19.39719860 -0.03049798 -0.00057044 
-19.37218609 -0.03054558 -0.00057230 
-19.34717359 -0.03059334 -0.00057418 
-19.32216108 -0.03064126 -0.00057606 
-19.29714857 -0.03068932 -0.00057796 
-19.27213607 -0.03073754 -0.00057986 
-19.24712356 -0.03078594 -0.00058178 
-19.22211106 -0.03083448 -0.00058370 
-19.19709855 -0.03088318 -0.00058564 
-19.17208604 -0.03093206 -0.00058758 
-19.14707354 -0.03098108 -0.00058954 
-19.12206103 -0.03103028 -0.00059150 
-19.09704852 -0.03107964 -0.00059346 
-19.07203602 -0.03112916 -0.00059546 
-19.04702351 -0.03117886 -0.00059744 
-19.02201101 -0.03122870 -0.00059946 
-18.99699850 -0.03127872 -0.00060146 
-18.97198599 -0.03132892 -0.00060350 
-18.94697349 -0.03137928 -0.00060552 
-18.92196098 -0.03142980 -0.00060758 
-18.89694847 -0.03148050 -0.00060962 
-18.87193597 -0.03153138 -0.00061170 
-18.84692346 -0.03158242 -0.00061378 
-18.82191096 -0.03163364 -0.00061586 
-18.79689845 -0.03168502 -0.00061796 
-18.77188594 -0.03173660 -0.00062008 
-18.74687344 -0.03178834 -0.00062220 
-18.72186093 -0.03184026 -0.00062432 
-18.69684842 -0.03189236 -0.00062648 
-18.67183592 -0.03194462 -0.00062864 
-18.64682341 -0.03199708 -0.00063080 
-18.62181091 -0.03204972 -0.00063298 
-18.59679840 -0.03210254 -0.00063516 
-18.57178589 -0.03215554 -0.00063736 
-18.54677339 -0.03220872 -0.00063958 
-18.52176088 -0.03226210 -0.00064180 
-18.49674837 -0.03231566 -0.00064404 
-18.47173587 -0.03236940 -0.00064630 
-18.44672336 -0.03242332 -0.00064856 
-18.42171086 -0.03247744 -0.00065084 
-18.39669835 -0.03253176 -0.00065312 
-18.37168584 -0.03258626 -0.00065542 
-18.34667334 -0.03264094 -0.00065772 
-18.32166083 -0.03269584 -0.00066006 
-18.29664832 -0.03275092 -0.00066238 
-18.27163582 -0.03280618 -0.00066474 
-18.24662331 -0.03286166 -0.00066710 
-18.22161081 -0.03291732 -0.00066948 
-18.19659830 -0.03297318 -0.00067186 
-18.17158579 -0.03302924 -0.00067426 
-18.14657329 -0.03308552 -0.00067668 
-18.12156078 -0.03314198 -0.00067910 
-18.09654827 -0.03319864 -0.00068154 
-18.07153577 -0.03325552 -0.00068400 
-18.04652326 -0.03331260 -0.00068646 
-18.02151076 -0.03336988 -0.00068894 
-17.99649825 -0.03342736 -0.00069144 
-17.97148574 -0.03348506 -0.00069396 
-17.94647324 -0.03354298 -0.00069648 
-17.92146073 -0.03360108 -0.00069902 
-17.89644822 -0.03365942 -0.00070156 
-17.87143572 -0.03371796 -0.00070414 
-17.84642321 -0.03377672 -0.00070672 
-17.82141071 -0.03383568 -0.00070930 
-17.79639820 -0.03389488 -0.00071192 
-17.77138569 -0.03395428 -0.00071454 
-17.74637319 -0.03401390 -0.00071718 
-17.72136068 -0.03407376 -0.00071984 
-17.69634817 -0.03413382 -0.00072250 
-17.67133567 -0.03419412 -0.00072520 
-17.64632316 -0.03425462 -0.00072790 
-17.62131066 -0.03431536 -0.00073060 
-17.59629815 -0.03437632 -0.00073334 
-17.57128564 -0.03443752 -0.00073608 
-17.54627314 -0.03449894 -0.00073884 
-17.52126063 -0.03456060 -0.00074162 
-17.49624812 -0.03462248 -0.00074442 
-17.47123562 -0.03468460 -0.00074724 
-17.44622311 -0.03474696 -0.00075006 
-17.42121061 -0.03480954 -0.00075290 
-17.39619810 -0.03487236 -0.00075576 
-17.37118559 -0.03493544 -0.00075864 
-17.34617309 -0.03499874 -0.00076154 
-17.32116058 -0.03506228 -0.00076446 
-17.29614807 -0.03512608 -0.00076738 
-17.27113557 -0.03519010 -0.00077032 
-17.24612306 -0.03525438 -0.00077328 
-17.22111056 -0.03531892 -0.00077626 
-17.19609805 -0.03538368 -0.00077926 
-17.17108554 -0.03544872 -0.00078228 
-17.14607304 -0.03551400 -0.00078532 
-17.12106053 -0.03557952 -0.00078838 
-17.09604802 -0.03564530 -0.00079144 
-17.07103552 -0.03571134 -0.00079454 
-17.04602301 -0.03577764 -0.00079764 
-17.02101051 -0.03584420 -0.00080076 
-16.99599800 -0.03591102 -0.00080390 
-16.97098549 -0.03597810 -0.00080708 
-16.94597299 -0.03604544 -0.00081026 
-16.92096048 -0.03611306 -0.00081346 
-16.89594797 -0.03618094 -0.00081668 
-16.87093547 -0.03624908 -0.00081992 
-16.84592296 -0.03631750 -0.00082318 
-16.82091046 -0.03638620 -0.00082646 
-16.79589795 -0.03645516 -0.00082978 
-16.77088544 -0.03652440 -0.00083310 
-16.74587294 -0.03659392 -0.00083644 
-16.72086043 -0.03666370 -0.00083980 
-16.69584792 -0.03673378 -0.00084318 
-16.67083542 -0.03680414 -0.00084658 
-16.64582291 -0.03687478 -0.00085002 
-16.62081041 -0.03694570 -0.00085346 
-16.59579790 -0.03701692 -0.00085694 
-16.57078539 -0.03708842 -0.00086042 
-16.54577289 -0.03716022 -0.00086394 
-16.52076038 -0.03723232 -0.00086748 
-16.49574787 -0.03730470 -0.00087104 
-16.47073537 -0.03737738 -0.00087462 
-16.44572286 -0.03745036 -0.00087822 
-16.42071036 -0.03752364 -0.00088184 
-16.39569785 -0.03759722 -0.00088548 
-16.37068534 -0.03767110 -0.00088916 
-16.34567284 -0.03774530 -0.00089286 
-16.32066033 -0.03781980 -0.00089658 
-16.29564782 -0.03789462 -0.00090032 
-16.27063532 -0.03796974 -0.00090408 
-16.24562281 -0.03804518 -0.00090788 
-16.22061031 -0.03812094 -0.00091170 
-16.19559780 -0.03819700 -0.00091554 
-16.17058529 -0.03827340 -0.00091940 
-16.14557279 -0.03835012 -0.00092328 
-16.12056028 -0.03842716 -0.00092720 
-16.09554777 -0.03850452 -0.00093114 
-16.07053527 -0.03858222 -0.00093512 
-16.04552276 -0.03866024 -0.00093910 
-16.02051026 -0.03873860 -0.00094312 
-15.99549775 -0.03881730 -0.00094718 
-15.97048524 -0.03889634 -0.00095124 
-15.94547274 -0.03897570 -0.00095534 
-15.92046023 -0.03905542 -0.00095948 
-15.89544772 -0.03913548 -0.00096362 
-15.87043522 -0.03921588 -0.00096780 
-15.84542271 -0.03929664 -0.00097202 
-15.82041021 -0.03937774 -0.00097626 
-15.79539770 -0.03945920 -0.00098052 
-15.77038519 -0.03954102 -0.00098482 
-15.74537269 -0.03962318 -0.00098914 
-15.72036018 -0.03970572 -0.00099350 
-15.69534767 -0.03978862 -0.00099788 
-15.67033517 -0.03987188 -0.00100230 
-15.64532266 -0.03995552 -0.00100674 
-15.62031016 -0.04003952 -0.00101122 
-15.59529765 -0.04012388 -0.00101572 
-15.57028514 -0.04020864 -0.00102026 
-15.54527264 -0.04029376 -0.00102482 
-15.52026013 -0.04037928 -0.00102942 
-15.49524762 -0.04046516 -0.00103404 
-15.47023512 -0.04055144 -0.00103870 
-15.44522261 -0.04063812 -0.00104340 
-15.42021011 -0.04072518 -0.00104814 
-15.39519760 -0.04081262 -0.00105290 
-15.37018509 -0.04090048 -0.00105768 
-15.34517259 -0.04098872 -0.00106252 
-15.32016008 -0.04107738 -0.00106738 
-15.29514757 -0.04116644 -0.00107226 
-15.27013507 -0.04125590 -0.00107720 
-15.24512256 -0.04134578 -0.00108216 
-15.22011006 -0.04143608 -0.00108716 
-15.19509755 -0.04152678 -0.00109220 
-15.17008504 -0.04161790 -0.00109726 
-15.14507254 -0.04170946 -0.00110238 
-15.12006003 -0.04180144 -0.00110752 
-15.09504752 -0.04189384 -0.00111270 
-15.07003502 -0.04198668 -0.00111792 
-15.04502251 -0.04207996 -0.00112318 
-15.02001001 -0.04217366 -0.00112848 
-14.99499750 -0.04226782 -0.00113380 
-14.96998499 -0.04236242 -0.00113918 
-14.94497249 -0.04245746 -0.00114458 
-14.91995998 -0.04255296 -0.00115004 
-14.89494747 -0.04264892 -0.00115552 
-14.86993497 -0.04274532 -0.00116106 
-14.84492246 -0.04284220 -0.00116664 
-14.81990995 -0.04293954 -0.00117224 
-14.79489745 -0.04303734 -0.00117790 
-14.76988494 -0.04313562 -0.00118360 
-14.74487244 -0.04323436 -0.00118934 
-14.71985993 -0.04333360 -0.00119512 
-14.69484742 -0.04343330 -0.00120094 
-14.66983492 -0.04353350 -0.00120682 
-14.64482241 -0.04363418 -0.00121272 
-14.61980990 -0.04373536 -0.00121868 
-14.59479740 -0.04383704 -0.00122468 
-14.56978489 -0.04393922 -0.00123074 
-14.54477239 -0.04404190 -0.00123684 
-14.51975988 -0.04414510 -0.00124298 
-14.49474737 -0.04424880 -0.00124916 
-14.46973487 -0.04435302 -0.00125540 
-14.44472236 -0.04445774 -0.00126168 
-14.41970985 -0.04456300 -0.00126802 
-14.39469735 -0.04466880 -0.00127440 
-14.36968484 -0.04477512 -0.00128082 
-14.34467234 -0.04488198 -0.00128730 
-14.31965983 -0.04498938 -0.00129384 
-14.29464732 -0.04509732 -0.00130042 
-14.26963482 -0.04520580 -0.00130706 
-14.24462231 -0.04531486 -0.00131374 
-14.21960980 -0.04542446 -0.00132048 
-14.19459730 -0.04553462 -0.00132728 
-14.16958479 -0.04564534 -0.00133412 
-14.14457229 -0.04575664 -0.00134102 
-14.11955978 -0.04586852 -0.00134798 
-14.09454727 -0.04598098 -0.00135498 
-14.06953477 -0.04609402 -0.00136206 
-14.04452226 -0.04620766 -0.00136918 
-14.01950975 -0.04632188 -0.00137636 
-13.99449725 -0.04643670 -0.00138360 
-13.96948474 -0.04655212 -0.00139090 
-13.94447224 -0.04666816 -0.00139826 
-13.91945973 -0.04678480 -0.00140568 
-13.89444722 -0.04690206 -0.00141316 
-13.86943472 -0.04701996 -0.00142070 
-13.84442221 -0.04713848 -0.00142830 
-13.81940970 -0.04725762 -0.00143596 
-13.79439720 -0.04737742 -0.00144368 
-13.76938469 -0.04749784 -0.00145148 
-13.74437219 -0.04761894 -0.00145934 
-13.71935968 -0.04774066 -0.00146726 
-13.69434717 -0.04786306 -0.00147526 
-13.66933467 -0.04798614 -0.00148330 
-13.64432216 -0.04810986 -0.00149142 
-13.61930965 -0.04823428 -0.00149962 
-13.59429715 -0.04835938 -0.00150788 
-13.56928464 -0.04848516 -0.00151622 
-13.54427214 -0.04861164 -0.00152462 
-13.51925963 -0.04873882 -0.00153310 
-13.49424712 -0.04886670 -0.00154164 
-13.46923462 -0.04899530 -0.00155026 
-13.44422211 -0.04912462 -0.00155896 
-13.41920960 -0.04925466 -0.00156772 
-13.39419710 -0.04938542 -0.00157658 
-13.36918459 -0.04951694 -0.00158550 
-13.34417209 -0.04964918 -0.00159450 
-13.31915958 -0.04978218 -0.00160358 
-13.29414707 -0.04991594 -0.00161274 
-13.26913457 -0.05005046 -0.00162198 
-13.24412206 -0.05018576 -0.00163130 
-13.21910955 -0.05032182 -0.00164070 
-13.19409705 -0.05045868 -0.00165018 
-13.16908454 -0.05059632 -0.00165976 
-13.14407204 -0.05073476 -0.00166942 
-13.11905953 -0.05087400 -0.00167916 
-13.09404702 -0.05101406 -0.00168900 
-13.06903452 -0.05115494 -0.00169892 
-13.04402201 -0.05129664 -0.00170892 
-13.01900950 -0.05143918 -0.00171904 
-12.99399700 -0.05158256 -0.00172922 
-12.96898449 -0.05172678 -0.00173952 
-12.94397199 -0.05187186 -0.00174990 
-12.91895948 -0.05201782 -0.00176038 
-12.89394697 -0.05216464 -0.00177094 
-12.86893447 -0.05231234 -0.00178162 
-12.84392196 -0.05246092 -0.00179238 
-12.81890945 -0.05261042 -0.00180326 
-12.79389695 -0.05276080 -0.00181424 
-12.76888444 -0.05291212 -0.00182530 
-12.74387194 -0.05306434 -0.00183648 
-12.71885943 -0.05321750 -0.00184778 
-12.69384692 -0.05337160 -0.00185916 
-12.66883442 -0.05352666 -0.00187066 
-12.64382191 -0.05368266 -0.00188228 
-12.61880940 -0.05383964 -0.00189400 
-12.59379690 -0.05399760 -0.00190584 
-12.56878439 -0.05415652 -0.00191778 
-12.54377189 -0.05431646 -0.00192984 
-12.51875938 -0.05447740 -0.00194202 
-12.49374687 -0.05463934 -0.00195432 
-12.46873437 -0.05480232 -0.00196674 
-12.44372186 -0.05496634 -0.00197928 
-12.41870935 -0.05513138 -0.00199196 
-12.39369685 -0.05529750 -0.00200474 
-12.36868434 -0.05546466 -0.00201766 
-12.34367184 -0.05563292 -0.00203070 
-12.31865933 -0.05580224 -0.00204388 
-12.29364682 -0.05597268 -0.00205718 
-12.26863432 -0.05614422 -0.00207062 
-12.24362181 -0.05631686 -0.00208420 
-12.21860930 -0.05649066 -0.00209790 
-12.19359680 -0.05666558 -0.00211176 
-12.16858429 -0.05684166 -0.00212576 
-12.14357179 -0.05701892 -0.00213988 
-12.11855928 -0.05719734 -0.00215416 
-12.09354677 -0.05737694 -0.00216860 
-12.06853427 -0.05755776 -0.00218318 
-12.04352176 -0.05773978 -0.00219790 
-12.01850925 -0.05792304 -0.00221278 
-11.99349675 -0.05810752 -0.00222782 
-11.96848424 -0.05829326 -0.00224302 
-11.94347174 -0.05848028 -0.00225836 
-11.91845923 -0.05866856 -0.00227388 
-11.89344672 -0.05885812 -0.00228956 
-11.86843422 -0.05904900 -0.00230540 
-11.84342171 -0.05924120 -0.00232142 
-11.81840920 -0.05943474 -0.00233760 
-11.79339670 -0.05962960 -0.00235396 
-11.76838419 -0.05982584 -0.00237050 
-11.74337169 -0.06002346 -0.00238722 
-11.71835918 -0.06022246 -0.00240412 
-11.69334667 -0.06042288 -0.00242120 
-11.66833417 -0.06062470 -0.00243848 
-11.64332166 -0.06082798 -0.00245594 
-11.61830915 -0.06103270 -0.00247360 
-11.59329665 -0.06123888 -0.00249144 
-11.56828414 -0.06144656 -0.00250948 
-11.54327164 -0.06165572 -0.00252774 
-11.51825913 -0.06186642 -0.00254620 
-11.49324662 -0.06207864 -0.00256486 
-11.46823412 -0.06229242 -0.00258372 
-11.44322161 -0.06250776 -0.00260282 
-11.41820910 -0.06272470 -0.00262212 
-11.39319660 -0.06294324 -0.00264164 
-11.36818409 -0.06316340 -0.00266140 
-11.34317159 -0.06338520 -0.00268138 
-11.31815908 -0.06360868 -0.00270158 
-11.29314657 -0.06383382 -0.00272202 
-11.26813407 -0.06406066 -0.00274270 
-11.24312156 -0.06428922 -0.00276364 
-11.21810905 -0.06451954 -0.00278480 
-11.19309655 -0.06475160 -0.00280622 
-11.16808404 -0.06498544 -0.00282790 
-11.14307154 -0.06522108 -0.00284984 
-11.11805903 -0.06545856 -0.00287204 
-11.09304652 -0.06569786 -0.00289450 
-11.06803402 -0.06593904 -0.00291722 
-11.04302151 -0.06618210 -0.00294024 
-11.01800900 -0.06642708 -0.00296352 
-10.99299650 -0.06667400 -0.00298710 
-10.96798399 -0.06692288 -0.00301096 
-10.94297149 -0.06717372 -0.00303512 
-10.91795898 -0.06742658 -0.00305958 
-10.89294647 -0.06768148 -0.00308434 
-10.86793397 -0.06793844 -0.00310940 
-10.84292146 -0.06819746 -0.00313480 
-10.81790895 -0.06845860 -0.00316050 
-10.79289645 -0.06872188 -0.00318652 
-10.76788394 -0.06898730 -0.00321288 
-10.74287144 -0.06925494 -0.00323958 
-10.71785893 -0.06952478 -0.00326662 
-10.69284642 -0.06979686 -0.00329400 
-10.66783392 -0.07007122 -0.00332174 
-10.64282141 -0.07034788 -0.00334984 
-10.61780890 -0.07062686 -0.00337832 
-10.59279640 -0.07090822 -0.00340716 
-10.56778389 -0.07119198 -0.00343638 
-10.54277139 -0.07147814 -0.00346600 
-10.51775888 -0.07176678 -0.00349600 
-10.49274637 -0.07205790 -0.00352640 
-10.46773387 -0.07235154 -0.00355720 
-10.44272136 -0.07264774 -0.00358844 
-10.41770885 -0.07294652 -0.00362008 
-10.39269635 -0.07324794 -0.00365216 
-10.36768384 -0.07355202 -0.00368468 
-10.34267134 -0.07385878 -0.00371766 
-10.31765883 -0.07416828 -0.00375108 
-10.29264632 -0.07448056 -0.00378496 
-10.26763382 -0.07479564 -0.00381932 
-10.24262131 -0.07511358 -0.00385416 
-10.21760880 -0.07543440 -0.00388948 
-10.19259630 -0.07575816 -0.00392532 
-10.16758379 -0.07608486 -0.00396166 
-10.14257129 -0.07641460 -0.00399852 
-10.11755878 -0.07674738 -0.00403590 
-10.09254627 -0.07708326 -0.00407384 
-10.06753377 -0.07742228 -0.00411232 
-10.04252126 -0.07776450 -0.00415136 
-10.01750875 -0.07810994 -0.00419096 
 -9.99249625 -0.07845868 -0.00423116 
 -9.96748374 -0.07881072 -0.00427196 
 -9.94247124 -0.07916616 -0.00431334 
 -9.91745873 -0.07952502 -0.00435536 
 -9.89244622 -0.07988736 -0.00439802 
 -9.86743372 -0.08025322 -0.00444132 
 -9.84242121 -0.08062266 -0.00448526 
 -9.81740870 -0.08099576 -0.00452990 
 -9.79239620 -0.08137254 -0.00457520 
 -9.76738369 -0.08175306 -0.00462122 
 -9.74237119 -0.08213740 -0.00466794 
 -9.71735868 -0.08252560 -0.00471540 
 -9.69234617 -0.08291772 -0.00476360 
 -9.66733367 -0.08331382 -0.00481256 
 -9.64232116 -0.08371398 -0.00486230 
 -9.61730865 -0.08411826 -0.00491284 
 -9.59229615 -0.08452670 -0.00496418 
 -9.56728364 -0.08493938 -0.00501636 
 -9.54227114 -0.08535638 -0.00506938 
 -9.51725863 -0.08577776 -0.00512326 
 -9.49224612 -0.08620358 -0.00517804 
 -9.46723362 -0.08663394 -0.00523370 
 -9.44222111 -0.08706890 -0.00529032 
 -9.41720860 -0.08750852 -0.00534786 
 -9.39219610 -0.08795290 -0.00540638 
 -9.36718359 -0.08840210 -0.00546588 
 -9.34217109 -0.08885620 -0.00552640 
 -9.31715858 -0.08931532 -0.00558796 
 -9.29214607 -0.08977950 -0.00565056 
 -9.26713357 -0.09024884 -0.00571426 
 -9.24212106 -0.09072344 -0.00577908 
 -9.21710855 -0.09120340 -0.00584502 
 -9.19209605 -0.09168878 -0.00591212 
 -9.16708354 -0.09217968 -0.00598042 
 -9.14207104 -0.09267622 -0.00604994 
 -9.11705853 -0.09317848 -0.00612072 
 -9.09204602 -0.09368658 -0.00619276 
 -9.06703352 -0.09420060 -0.00626612 
 -9.04202101 -0.09472066 -0.00634082 
 -9.01700850 -0.09524686 -0.00641690 
 -8.99199600 -0.09577934 -0.00649440 
 -8.96698349 -0.09631818 -0.00657334 
 -8.94197099 -0.09686352 -0.00665376 
 -8.91695848 -0.09741548 -0.00673572 
 -8.89194597 -0.09797416 -0.00681922 
 -8.86693347 -0.09853972 -0.00690434 
 -8.84192096 -0.09911226 -0.00699110 
 -8.81690845 -0.09969192 -0.00707954 
 -8.79189595 -0.10027886 -0.00716970 
 -8.76688344 -0.10087318 -0.00726166 
 -8.74187094 -0.10147506 -0.00735542 
 -8.71685843 -0.10208464 -0.00745108 
 -8.69184592 -0.10270206 -0.00754866 
 -8.66683342 -0.10332746 -0.00764820 
 -8.64182091 -0.10396104 -0.00774978 
 -8.61680840 -0.10460294 -0.00785346 
 -8.59179590 -0.10525334 -0.00795928 
 -8.56678339 -0.10591238 -0.00806732 
 -8.54177089 -0.10658028 -0.00817760 
 -8.51675838 -0.10725722 -0.00829024 
 -8.49174587 -0.10794334 -0.00840528 
 -8.46673337 -0.10863888 -0.00852278 
 -8.44172086 -0.10934404 -0.00864284 
 -8.41670835 -0.11005898 -0.00876552 
 -8.39169585 -0.11078396 -0.00889088 
 -8.36668334 -0.11151916 -0.00901902 
 -8.34167084 -0.11226482 -0.00915004 
 -8.31665833 -0.11302116 -0.00928400 
 -8.29164582 -0.11378844 -0.00942100 
 -8.26663332 -0.11456686 -0.00956112 
 -8.24162081 -0.11535670 -0.00970448 
 -8.21660830 -0.11615822 -0.00985118 
 -8.19159580 -0.11697166 -0.01000130 
 -8.16658329 -0.11779732 -0.01015498 
 -8.14157079 -0.11863546 -0.01031232 
 -8.11655828 -0.11948638 -0.01047342 
 -8.09154577 -0.12035038 -0.01063844 
 -8.06653327 -0.12122778 -0.01080750 
 -8.04152076 -0.12211888 -0.01098072 
 -8.01650825 -0.12302402 -0.01115824 
 -7.99149575 -0.12394354 -0.01134020 
 -7.96648324 -0.12487778 -0.01152678 
 -7.94147074 -0.12582712 -0.01171812 
 -7.91645823 -0.12679192 -0.01191440 
 -7.89144572 -0.12777258 -0.01211576 
 -7.86643322 -0.12876948 -0.01232242 
 -7.84142071 -0.12978306 -0.01253454 
 -7.81640820 -0.13081372 -0.01275232 
 -7.79139570 -0.13186192 -0.01297598 
 -7.76638319 -0.13292812 -0.01320574 
 -7.74137069 -0.13401278 -0.01344180 
 -7.71635818 -0.13511642 -0.01368442 
 -7.69134567 -0.13623950 -0.01393384 
 -7.66633317 -0.13738260 -0.01419032 
 -7.64132066 -0.13854622 -0.01445414 
 -7.61630815 -0.13973096 -0.01472556 
 -7.59129565 -0.14093738 -0.01500492 
 -7.56628314 -0.14216612 -0.01529250 
 -7.54127064 -0.14341778 -0.01558864 
 -7.51625813 -0.14469302 -0.01589370 
 -7.49124562 -0.14599256 -0.01620804 
 -7.46623312 -0.14731706 -0.01653204 
 -7.44122061 -0.14866726 -0.01686612 
 -7.41620810 -0.15004396 -0.01721068 
 -7.39119560 -0.15144792 -0.01756618 
 -7.36618309 -0.15287996 -0.01793310 
 -7.34117059 -0.15434096 -0.01831194 
 -7.31615808 -0.15583182 -0.01870324 
 -7.29114557 -0.15735346 -0.01910752 
 -7.26613307 -0.15890684 -0.01952540 
 -7.24112056 -0.16049298 -0.01995752 
 -7.21610805 -0.16211294 -0.02040450 
 -7.19109555 -0.16376780 -0.02086704 
 -7.16608304 -0.16545872 -0.02134592 
 -7.14107054 -0.16718690 -0.02184188 
 -7.11605803 -0.16895358 -0.02235580 
 -7.09104552 -0.17076004 -0.02288852 
 -7.06603302 -0.17260768 -0.02344102 
 -7.04102051 -0.17449792 -0.02401426 
 -7.01600800 -0.17643222 -0.02460934 
 -6.99099550 -0.17841214 -0.02522736 
 -6.96598299 -0.18043934 -0.02586956 
 -6.94097049 -0.18251550 -0.02653720 
 -6.91595798 -0.18464240 -0.02723170 
 -6.89094547 -0.18682192 -0.02795448 
 -6.86593297 -0.18905602 -0.02870714 
 -6.84092046 -0.19134676 -0.02949136 
 -6.81590795 -0.19369628 -0.03030894 
 -6.79089545 -0.19610684 -0.03116184 
 -6.76588294 -0.19858084 -0.03205210 
 -6.74087044 -0.20112074 -0.03298198 
 -6.71585793 -0.20372916 -0.03395386 
 -6.69084542 -0.20640886 -0.03497036 
 -6.66583292 -0.20916274 -0.03603424 
 -6.64082041 -0.21199380 -0.03714854 
 -6.61580790 -0.21490524 -0.03831646 
 -6.59079540 -0.21790044 -0.03954158 
 -6.56578289 -0.22098290 -0.04082766 
 -6.54077039 -0.22415634 -0.04217886 
 -6.51575788 -0.22742464 -0.04359964 
 -6.49074537 -0.23079194 -0.04509490 
 -6.46573287 -0.23426252 -0.04666994 
 -6.44072036 -0.23784092 -0.04833050 
 -6.41570785 -0.24153188 -0.05008294 
 -6.39069535 -0.24534042 -0.05193414 
 -6.36568284 -0.24927178 -0.05389162 
 -6.34067034 -0.25333142 -0.05596368 
 -6.31565783 -0.25752512 -0.05815938 
 -6.29064532 -0.26185884 -0.06048868 
 -6.26563282 -0.26633886 -0.06296260 
 -6.24062031 -0.27097166 -0.06559322 
 -6.21560780 -0.27576396 -0.06839392 
 -6.19059530 -0.28072274 -0.07137948 
 -6.16558279 -0.28585508 -0.07456628 
 -6.14057029 -0.29116822 -0.07797252 
 -6.11555778 -0.29666952 -0.08161836 
 -6.09054527 -0.30236624 -0.08552630 
 -6.06553277 -0.30826552 -0.08972136 
 -6.04052026 -0.31437424 -0.09423154 
 -6.01550775 -0.32069872 -0.09908802 
 -5.99049525 -0.32724456 -0.10432574 
 -5.96548274 -0.33401622 -0.10998386 
 -5.94047024 -0.34101654 -0.11610618 
 -5.91545773 -0.34824628 -0.12274184 
 -5.89044522 -0.35570326 -0.12994590 
 -5.86543272 -0.36338144 -0.13778006 
 -5.84042021 -0.37126970 -0.14631328 
 -5.81540770 -0.37935034 -0.15562260 
 -5.79039520 -0.38759704 -0.16579368 
 -5.76538269 -0.39597252 -0.17692130 
 -5.74037019 -0.40442550 -0.18910960 
 -5.71535768 -0.41288694 -0.20247184 
 -5.69034517 -0.42126566 -0.21712942 
 -5.66533267 -0.42944312 -0.23320988 
 -5.64032016 -0.43726754 -0.25084328 
 -5.61530765 -0.44454756 -0.27015654 
 -5.59029515 -0.45104604 -0.29126502 
 -5.56528264 -0.45647488 -0.31426062 
 -5.54027014 -0.46049236 -0.33919630 
 -5.51525763 -0.46270468 -0.36606682 
 -5.49024512 -0.46267432 -0.39478704 
 -5.46523262 -0.45993700 -0.42517022 
 -5.44022011 -0.45402850 -0.45690990 
 -5.41520760 -0.44452056 -0.48957054 
 -5.39019510 -0.43106204 -0.52259130 
 -5.36518259 -0.41341962 -0.55530562 
 -5.34017009 -0.39151030 -0.58697586 
 -5.31515758 -0.36541986 -0.61683864 
 -5.29014507 -0.33540366 -0.64415294 
 -5.26513257 -0.30187060 -0.66824352 
 -5.24012006 -0.26535562 -0.68853202 
 -5.21510755 -0.22648916 -0.70455326 
 -5.19009505 -0.18597294 -0.71595990 
 -5.16508254 -0.14456740 -0.72252538 
 -5.14007004 -0.10308568 -0.72415768 
 -5.11505753 -0.06237952 -0.72092922 
 -5.09004502 -0.02329932 -0.71311356 
 -5.06503252  0.01337758 -0.70120632 
 -5.04002001  0.04703752 -0.68590550 
 -5.01500750  0.07731040 -0.66804146 
 -4.98999500  0.10410802 -0.64846876 
 -4.96498249  0.12760488 -0.62794928 
 -4.93996998  0.14816512 -0.60705880 
 -4.91495748  0.16623656 -0.58614078 
 -4.88994497  0.18223980 -0.56531550 
 -4.86493247  0.19647940 -0.54453824 
 -4.83991996  0.20909706 -0.52368876 
 -4.81490745  0.22007562 -0.50266620 
 -4.78989495  0.22928744 -0.48146376 
 -4.76488244  0.23656858 -0.46020436 
 -4.73986993  0.24179354 -0.43913328 
 -4.71485743  0.24492950 -0.41857780 
 -4.68984492  0.24605990 -0.39889246 
 -4.66483242  0.24537970 -0.38040742 
 -4.63981991  0.24317210 -0.36339108 
 -4.61480740  0.23977822 -0.34802956 
 -4.58979490  0.23556780 -0.33441984 
 -4.56478239  0.23091500 -0.32257136 
 -4.53976988  0.22617934 -0.31241130 
 -4.51475738  0.22168984 -0.30379108 
 -4.48974487  0.21772994 -0.29649308 
 -4.46473237  0.21452158 -0.29023984 
 -4.43971986  0.21220862 -0.28470766 
 -4.41470735  0.21084178 -0.27954718 
 -4.38969485  0.21036936 -0.27441150 
 -4.36468234  0.21063832 -0.26898982 
 -4.33966983  0.21140912 -0.26304130 
 -4.31465733  0.21238448 -0.25642232 
 -4.28964482  0.21324854 -0.24910026 
 -4.26463232  0.21370828 -0.24114946 
 -4.23961981  0.21352862 -0.23273036 
 -4.21460730  0.21255390 -0.22405746 
 -4.18959480  0.21071280 -0.21536434 
 -4.16458229  0.20800924 -0.20687408 
 -4.13956978  0.20450490 -0.19877948 
 -4.11455728  0.20029934 -0.19123404 
 -4.08954477  0.19551286 -0.18435144 
 -4.06453227  0.19027396 -0.17820998 
 -4.03951976  0.18471204 -0.17285902 
 -4.01450725  0.17895394 -0.16832482 
 -3.98949475  0.17312336 -0.16461476 
 -3.96448224  0.16734116 -0.16171960 
 -3.93946973  0.16172618 -0.15961386 
 -3.91445723  0.15639520 -0.15825424 
 -3.88944472  0.15146144 -0.15757698 
 -3.86443222  0.14703058 -0.15749458 
 -3.83941971  0.14319412 -0.15789340 
 -3.81440720  0.14001948 -0.15863368 
 -3.78939470  0.13753862 -0.15955430 
 -3.76438219  0.13573690 -0.16048394 
 -3.73936968  0.13454692 -0.16125858 
 -3.71435718  0.13385070 -0.16174300 
 -3.68934467  0.13349284 -0.16185112 
 -3.66433217  0.13330334 -0.16155864 
 -3.63931966  0.13312450 -0.16090332 
 -3.61430715  0.13283486 -0.15997220 
 -3.58929465  0.13236312 -0.15887992 
 -3.56428214  0.13169014 -0.15774464 
 -3.53926963  0.13084008 -0.15666818 
 -3.51425713  0.12986560 -0.15572440 
 -3.48924462  0.12883218 -0.15495624 
 -3.46423212  0.12780596 -0.15437964 
 -3.43921961  0.12684700 -0.15399042 
 -3.41420710  0.12600798 -0.15377038 
 -3.38919460  0.12533530 -0.15369002 
 -3.36418209  0.12486962 -0.15370726 
 -3.33916958  0.12464246 -0.15376452 
 -3.31415708  0.12466840 -0.15378760 
 -3.28914457  0.12493456 -0.15369006 
 -3.26413207  0.12539164 -0.15338492 
 -3.23911956  0.12595158 -0.15280188 
 -3.21410705  0.12649482 -0.15190594 
 -3.18909455  0.12688684 -0.15071110 
 -3.16408204  0.12700016 -0.14928468 
 -3.13906953  0.12673584 -0.14774090 
 -3.11405703  0.12603896 -0.14622590 
 -3.08904452  0.12490568 -0.14489936 
 -3.06403202  0.12338236 -0.14391676 
 -3.03901951  0.12155930 -0.14341562 
 -3.01400700  0.11956236 -0.14350620 
 -2.98899450  0.11754450 -0.14426596 
 -2.96398199  0.11567874 -0.14573582 
 -2.93896948  0.11415210 -0.14791664 
 -2.91395698  0.11315936 -0.15076470 
 -2.88894447  0.11289496 -0.15418594 
 -2.86393197  0.11354088 -0.15803012 
 -2.83891946  0.11524924 -0.16208742 
 -2.81390695  0.11811990 -0.16609110 
 -2.78889445  0.12217502 -0.16973044 
 -2.76388194  0.12733694 -0.17267722 
 -2.73886943  0.13341696 -0.17462460 
 -2.71385693  0.14012298 -0.17533296 
 -2.68884442  0.14708974 -0.17467092 
 -2.66383192  0.15392724 -0.17263968 
 -2.63881941  0.16027610 -0.16937172 
 -2.61380690  0.16585530 -0.16510448 
 -2.58879440  0.17049084 -0.16013768 
 -2.56378189  0.17412212 -0.15478656 
 -2.53876938  0.17678918 -0.14934198 
 -2.51375688  0.17860922 -0.14404322 
 -2.48874437  0.17974946 -0.13906386 
 -2.46373187  0.18040198 -0.13450790 
 -2.43871936  0.18076218 -0.13041248 
 -2.41370685  0.18101144 -0.12675446 
 -2.38869435  0.18130218 -0.12345958 
 -2.36368184  0.18174578 -0.12041424 
 -2.33866933  0.18240278 -0.11748072 
 -2.31365683  0.18327822 -0.11451548 
 -2.28864432  0.18432352 -0.11138970 
 -2.26363182  0.18544680 -0.10800802 
 -2.23861931  0.18653058 -0.10432174 
 -2.21360680  0.18745336 -0.10033268 
 -2.18859430  0.18810970 -0.09608716 
 -2.16358179  0.18842440 -0.09166256 
 -2.13856928  0.18835820 -0.08715044 
 -2.11355678  0.18790568 -0.08264140 
 -2.08854427  0.18708784 -0.07821406 
 -2.06353177  0.18594264 -0.07392966 
 -2.03851926  0.18451632 -0.06983120 
 -2.01350675  0.18285680 -0.06594558 
 -1.98849425  0.18100970 -0.06228692 
 -1.96348174  0.17901636 -0.05886008 
 -1.93846923  0.17691338 -0.05566318 
 -1.91345673  0.17473264 -0.05268966 
 -1.88844422  0.17250148 -0.04992948 
 -1.86343172  0.17024286 -0.04737010 
 -1.83841921  0.16797546 -0.04499742 
 -1.81340670  0.16571390 -0.04279662 
 -1.78839420  0.16346906 -0.04075304 
 -1.76338169  0.16124866 -0.03885278 
 -1.73836918  0.15905796 -0.03708328 
 -1.71335668  0.15690040 -0.03543352 
 -1.68834417  0.15477838 -0.03389388 
 -1.66333167  0.15269362 -0.03245604 
 -1.63831916  0.15064758 -0.03111262 
 -1.61330665  0.14864144 -0.02985688 
 -1.58829415  0.14667626 -0.02868262 
 -1.56328164  0.14475280 -0.02758392 
 -1.53826913  0.14287164 -0.02655526 
 -1.51325663  0.14103300 -0.02559134 
 -1.48824412  0.13923688 -0.02468718 
 -1.46323162  0.13748298 -0.02383816 
 -1.43821911  0.13577078 -0.02303996 
 -1.41320660  0.13409960 -0.02228856 
 -1.38819410  0.13246860 -0.02158030 
 -1.36318159  0.13087680 -0.02091182 
 -1.33816908  0.12932314 -0.02028006 
 -1.31315658  0.12780658 -0.01968222 
 -1.28814407  0.12632596 -0.01911574 
 -1.26313157  0.12488014 -0.01857830 
 -1.23811906  0.12346802 -0.01806780 
 -1.21310655  0.12208844 -0.01758230 
 -1.18809405  0.12074034 -0.01712008 
 -1.16308154  0.11942262 -0.01667950 
 -1.13806903  0.11813426 -0.01625914 
 -1.11305653  0.11687422 -0.01585764 
 -1.08804402  0.11564154 -0.01547380 
 -1.06303152  0.11443528 -0.01510646 
 -1.03801901  0.11325454 -0.01475462 
 -1.01300650  0.11209846 -0.01441734 
 -0.98799400  0.11096618 -0.01409372 
 -0.96298149  0.10985692 -0.01378298 
 -0.93796898  0.10876992 -0.01348438 
 -0.91295648  0.10770444 -0.01319720 
 -0.88794397  0.10665976 -0.01292084 
 -0.86293147  0.10563522 -0.01265468 
 -0.83791896  0.10463020 -0.01239820 
 -0.81290645  0.10364404 -0.01215088 
 -0.78789395  0.10267616 -0.01191222 
 -0.76288144  0.10172602 -0.01168182 
 -0.73786893  0.10079304 -0.01145926 
 -0.71285643  0.09987672 -0.01124412 
 -0.68784392  0.09897656 -0.01103608 
 -0.66283142  0.09809206 -0.01083478 
 -0.63781891  0.09722280 -0.01063990 
 -0.61280640  0.09636830 -0.01045116 
 -0.58779390  0.09552816 -0.01026826 
 -0.56278139  0.09470196 -0.01009096 
 -0.53776888  0.09388930 -0.00991900 
 -0.51275638  0.09308984 -0.00975216 
 -0.48774387  0.09230318 -0.00959020 
 -0.46273137  0.09152898 -0.00943294 
 -0.43771886  0.09076694 -0.00928016 
 -0.41270635  0.09001668 -0.00913170 
 -0.38769385  0.08927794 -0.00898736 
 -0.36268134  0.08855038 -0.00884698 
 -0.33766883  0.08783374 -0.00871042 
 -0.31265633  0.08712774 -0.00857752 
 -0.28764382  0.08643210 -0.00844816 
 -0.26263132  0.08574658 -0.00832216 
 -0.23761881  0.08507090 -0.00819944 
 -0.21260630  0.08440484 -0.00807986 
 -0.18759380  0.08374816 -0.00796330 
 -0.16258129  0.08310062 -0.00784966 
 -0.13756878  0.08246204 -0.00773884 
 -0.11255628  0.08183218 -0.00763072 
 -0.08754377  0.08121086 -0.00752522 
 -0.06253127  0.08059786 -0.00742226 
 -0.03751876  0.07999298 -0.00732174 
 -0.01250625  0.07939606 -0.00722358 
  0.01250625  0.07880692 -0.00712772 
  0.03751876  0.07822538 -0.00703406 
  0.06253127  0.07765128 -0.00694252 
  0.08754377  0.07708444 -0.00685306 
  0.11255628  0.07652470 -0.00676560 
  0.13756878  0.07597194 -0.00668008 
  0.16258129  0.07542598 -0.00659644 
  0.18759380  0.07488668 -0.00651462 
  0.21260630  0.07435392 -0.00643458 
  0.23761881  0.07382754 -0.00635624 
  0.26263132  0.07330742 -0.00627956 
  0.28764382  0.07279342 -0.00620450 
  0.31265633  0.07228542 -0.00613098 
  0.33766883  0.07178332 -0.00605900 
  0.36268134  0.07128698 -0.00598850 
  0.38769385  0.07079630 -0.00591942 
  0.41270635  0.07031114 -0.00585174 
  0.43771886  0.06983142 -0.00578542 
  0.46273137  0.06935702 -0.00572042 
  0.48774387  0.06888786 -0.00565670 
  0.51275638  0.06842380 -0.00559422 
  0.53776888  0.06796478 -0.00553294 
  0.56278139  0.06751068 -0.00547286 
  0.58779390  0.06706142 -0.00541392 
  0.61280640  0.06661692 -0.00535610 
  0.63781891  0.06617706 -0.00529938 
  0.66283142  0.06574178 -0.00524370 
  0.68784392  0.06531100 -0.00518908 
  0.71285643  0.06488462 -0.00513546 
  0.73786893  0.06446256 -0.00508282 
  0.76288144  0.06404476 -0.00503114 
  0.78789395  0.06363114 -0.00498040 
  0.81290645  0.06322162 -0.00493056 
  0.83791896  0.06281612 -0.00488162 
  0.86293147  0.06241458 -0.00483354 
  0.88794397  0.06201694 -0.00478632 
  0.91295648  0.06162312 -0.00473992 
  0.93796898  0.06123304 -0.00469434 
  0.96298149  0.06084668 -0.00464954 
  0.98799400  0.06046392 -0.00460552 
  1.01300650  0.06008476 -0.00456224 
  1.03801901  0.05970908 -0.00451970 
  1.06303152  0.05933686 -0.00447790 
  1.08804402  0.05896804 -0.00443678 
  1.11305653  0.05860256 -0.00439636 
  1.13806903  0.05824034 -0.00435660 
  1.16308154  0.05788138 -0.00431752 
  1.18809405  0.05752556 -0.00427906 
  1.21310655  0.05717288 -0.00424126 
  1.23811906  0.05682328 -0.00420406 
  1.26313157  0.05647670 -0.00416746 
  1.28814407  0.05613310 -0.00413144 
  1.31315658  0.05579242 -0.00409602 
  1.33816908  0.05545462 -0.00406116 
  1.36318159  0.05511966 -0.00402686 
  1.38819410  0.05478750 -0.00399310 
  1.41320660  0.05445808 -0.00395986 
  1.43821911  0.05413138 -0.00392716 
  1.46323162  0.05380732 -0.00389496 
  1.48824412  0.05348590 -0.00386326 
  1.51325663  0.05316706 -0.00383206 
  1.53826913  0.05285076 -0.00380132 
  1.56328164  0.05253698 -0.00377108 
  1.58829415  0.05222564 -0.00374128 
  1.61330665  0.05191674 -0.00371196 
  1.63831916  0.05161024 -0.00368306 
  1.66333167  0.05130610 -0.00365460 
  1.68834417  0.05100426 -0.00362658 
  1.71335668  0.05070472 -0.00359898 
  1.73836918  0.05040744 -0.00357178 
  1.76338169  0.05011238 -0.00354500 
  1.78839420  0.04981950 -0.00351862 
  1.81340670  0.04952878 -0.00349262 
  1.83841921  0.04924018 -0.00346700 
  1.86343172  0.04895366 -0.00344176 
  1.88844422  0.04866922 -0.00341690 
  1.91345673  0.04838680 -0.00339238 
  1.93846923  0.04810640 -0.00336824 
  1.96348174  0.04782796 -0.00334444 
  1.98849425  0.04755146 -0.00332100 
  2.01350675  0.04727690 -0.00329788 
  2.03851926  0.04700422 -0.00327510 
  2.06353177  0.04673340 -0.00325264 
  2.08854427  0.04646440 -0.00323052 
  2.11355678  0.04619724 -0.00320870 
  2.13856928  0.04593184 -0.00318720 
  2.16358179  0.04566822 -0.00316600 
  2.18859430  0.04540632 -0.00314510 
  2.21360680  0.04514614 -0.00312450 
  2.23861931  0.04488764 -0.00310420 
  2.26363182  0.04463080 -0.00308418 
  2.28864432  0.04437562 -0.00306444 
  2.31365683  0.04412204 -0.00304496 
  2.33866933  0.04387004 -0.00302578 
  2.36368184  0.04361964 -0.00300686 
  2.38869435  0.04337078 -0.00298820 
  2.41370685  0.04312344 -0.00296982 
  2.43871936  0.04287760 -0.00295168 
  2.46373187  0.04263326 -0.00293378 
  2.48874437  0.04239040 -0.00291616 
  2.51375688  0.04214896 -0.00289876 
  2.53876938  0.04190896 -0.00288162 
  2.56378189  0.04167036 -0.00286470 
  2.58879440  0.04143314 -0.00284802 
  2.61380690  0.04119730 -0.00283158 
  2.63881941  0.04096280 -0.00281536 
  2.66383192  0.04072964 -0.00279938 
  2.68884442  0.04049778 -0.00278360 
  2.71385693  0.04026722 -0.00276806 
  2.73886943  0.04003792 -0.00275272 
  2.76388194  0.03980990 -0.00273760 
  2.78889445  0.03958310 -0.00272268 
  2.81390695  0.03935754 -0.00270798 
  2.83891946  0.03913318 -0.00269348 
  2.86393197  0.03891000 -0.00267916 
  2.88894447  0.03868802 -0.00266506 
  2.91395698  0.03846718 -0.00265116 
  2.93896948  0.03824748 -0.00263744 
  2.96398199  0.03802890 -0.00262392 
  2.98899450  0.03781144 -0.00261058 
  3.01400700  0.03759508 -0.00259744 
  3.03901951  0.03737978 -0.00258448 
  3.06403202  0.03716556 -0.00257168 
  3.08904452  0.03695238 -0.00255908 
  3.11405703  0.03674024 -0.00254666 
  3.13906953  0.03652914 -0.00253440 
  3.16408204  0.03631902 -0.00252232 
  3.18909455  0.03610990 -0.00251040 
  3.21410705  0.03590176 -0.00249866 
  3.23911956  0.03569458 -0.00248710 
  3.26413207  0.03548834 -0.00247568 
  3.28914457  0.03528306 -0.00246444 
  3.31415708  0.03507868 -0.00245334 
  3.33916958  0.03487524 -0.00244242 
  3.36418209  0.03467268 -0.00243166 
  3.38919460  0.03447100 -0.00242104 
  3.41420710  0.03427020 -0.00241058 
  3.43921961  0.03407024 -0.00240026 
  3.46423212  0.03387116 -0.00239012 
  3.48924462  0.03367288 -0.00238010 
  3.51425713  0.03347544 -0.00237024 
  3.53926963  0.03327882 -0.00236052 
  3.56428214  0.03308298 -0.00235096 
  3.58929465  0.03288794 -0.00234154 
  3.61430715  0.03269366 -0.00233224 
  3.63931966  0.03250016 -0.00232310 
  3.66433217  0.03230740 -0.00231410 
  3.68934467  0.03211538 -0.00230522 
  3.71435718  0.03192408 -0.00229650 
  3.73936968  0.03173352 -0.00228790 
  3.76438219  0.03154366 -0.00227944 
  3.78939470  0.03135448 -0.00227110 
  3.81440720  0.03116600 -0.00226290 
  3.83941971  0.03097818 -0.00225484 
  3.86443222  0.03079104 -0.00224690 
  3.88944472  0.03060454 -0.00223908 
  3.91445723  0.03041868 -0.00223140 
  3.93946973  0.03023346 -0.00222384 
  3.96448224  0.03004884 -0.00221642 
  3.98949475  0.02986486 -0.00220910 
  4.01450725  0.02968146 -0.00220192 
  4.03951976  0.02949866 -0.00219486 
  4.06453227  0.02931644 -0.00218790 
  4.08954477  0.02913478 -0.00218108 
  4.11455728  0.02895370 -0.00217438 
  4.13956978  0.02877316 -0.00216780 
  4.16458229  0.02859316 -0.00216134 
  4.18959480  0.02841368 -0.00215498 
  4.21460730  0.02823474 -0.00214874 
  4.23961981  0.02805630 -0.00214262 
  4.26463232  0.02787838 -0.00213662 
  4.28964482  0.02770094 -0.00213074 
  4.31465733  0.02752398 -0.00212496 
  4.33966983  0.02734750 -0.00211930 
  4.36468234  0.02717148 -0.00211374 
  4.38969485  0.02699592 -0.00210830 
  4.41470735  0.02682080 -0.00210298 
  4.43971986  0.02664612 -0.00209776 
  4.46473237  0.02647188 -0.00209264 
  4.48974487  0.02629804 -0.00208764 
  4.51475738  0.02612464 -0.00208276 
  4.53976988  0.02595162 -0.00207796 
  4.56478239  0.02577898 -0.00207330 
  4.58979490  0.02560674 -0.00206872 
  4.61480740  0.02543488 -0.00206426 
  4.63981991  0.02526338 -0.00205990 
  4.66483242  0.02509224 -0.00205566 
  4.68984492  0.02492144 -0.00205150 
  4.71485743  0.02475098 -0.00204746 
  4.73986993  0.02458086 -0.00204354 
  4.76488244  0.02441106 -0.00203970 
  4.78989495  0.02424158 -0.00203598 
  4.81490745  0.02407238 -0.00203236 
  4.83991996  0.02390350 -0.00202884 
  4.86493247  0.02373490 -0.00202542 
  4.88994497  0.02356658 -0.00202210 
  4.91495748  0.02339854 -0.00201890 
  4.93996998  0.02323076 -0.00201578 
  4.96498249  0.02306322 -0.00201278 
  4.98999500  0.02289594 -0.00200988 
  5.01500750  0.02272890 -0.00200708 
  5.04002001  0.02256208 -0.00200438 
  5.06503252  0.02239548 -0.00200178 
  5.09004502  0.02222910 -0.00199928 
  5.11505753  0.02206292 -0.00199690 
  5.14007004  0.02189692 -0.00199460 
  5.16508254  0.02173112 -0.00199242 
  5.19009505  0.02156550 -0.00199032 
  5.21510755  0.02140004 -0.00198834 
  5.24012006  0.02123476 -0.00198646 
  5.26513257  0.02106962 -0.00198468 
  5.29014507  0.02090462 -0.00198300 
  5.31515758  0.02073976 -0.00198142 
  5.34017009  0.02057504 -0.00197994 
  5.36518259  0.02041042 -0.00197856 
  5.39019510  0.02024594 -0.00197730 
  5.41520760  0.02008154 -0.00197612 
  5.44022011  0.01991724 -0.00197506 
  5.46523262  0.01975302 -0.00197410 
  5.49024512  0.01958888 -0.00197324 
  5.51525763  0.01942480 -0.00197248 
  5.54027014  0.01926080 -0.00197182 
  5.56528264  0.01909684 -0.00197126 
  5.59029515  0.01893292 -0.00197082 
  5.61530765  0.01876904 -0.00197048 
  5.64032016  0.01860518 -0.00197024 
  5.66533267  0.01844134 -0.00197012 
  5.69034517  0.01827750 -0.00197008 
  5.71535768  0.01811366 -0.00197016 
  5.74037019  0.01794982 -0.00197036 
  5.76538269  0.01778596 -0.00197064 
  5.79039520  0.01762208 -0.00197104 
  5.81540770  0.01745816 -0.00197156 
  5.84042021  0.01729418 -0.00197218 
  5.86543272  0.01713016 -0.00197290 
  5.89044522  0.01696608 -0.00197374 
  5.91545773  0.01680192 -0.00197468 
  5.94047024  0.01663768 -0.00197574 
  5.96548274  0.01647336 -0.00197690 
  5.99049525  0.01630892 -0.00197818 
  6.01550775  0.01614440 -0.00197958 
  6.04052026  0.01597974 -0.00198108 
  6.06553277  0.01581496 -0.00198270 
  6.09054527  0.01565004 -0.00198444 
  6.11555778  0.01548498 -0.00198630 
  6.14057029  0.01531976 -0.00198826 
  6.16558279  0.01515438 -0.00199034 
  6.19059530  0.01498882 -0.00199254 
  6.21560780  0.01482306 -0.00199486 
  6.24062031  0.01465712 -0.00199732 
  6.26563282  0.01449098 -0.00199988 
  6.29064532  0.01432462 -0.00200256 
  6.31565783  0.01415804 -0.00200536 
  6.34067034  0.01399122 -0.00200830 
  6.36568284  0.01382416 -0.00201136 
  6.39069535  0.01365684 -0.00201454 
  6.41570785  0.01348926 -0.00201786 
  6.44072036  0.01332138 -0.00202130 
  6.46573287  0.01315324 -0.00202486 
  6.49074537  0.01298480 -0.00202858 
  6.51575788  0.01281604 -0.00203240 
  6.54077039  0.01264696 -0.00203638 
  6.56578289  0.01247754 -0.00204048 
  6.59079540  0.01230780 -0.00204472 
  6.61580790  0.01213770 -0.00204910 
  6.64082041  0.01196722 -0.00205362 
  6.66583292  0.01179638 -0.00205828 
  6.69084542  0.01162516 -0.00206308 
  6.71585793  0.01145352 -0.00206802 
  6.74087044  0.01128148 -0.00207312 
  6.76588294  0.01110900 -0.00207836 
  6.79089545  0.01093610 -0.00208374 
  6.81590795  0.01076276 -0.00208930 
  6.84092046  0.01058894 -0.00209498 
  6.86593297  0.01041466 -0.00210084 
  6.89094547  0.01023988 -0.00210684 
  6.91595798  0.01006460 -0.00211300 
  6.94097049  0.00988882 -0.00211934 
  6.96598299  0.00971252 -0.00212582 
  6.99099550  0.00953566 -0.00213248 
  7.01600800  0.00935826 -0.00213930 
  7.04102051  0.00918030 -0.00214630 
  7.06603302  0.00900174 -0.00215346 
  7.09104552  0.00882260 -0.00216080 
  7.11605803  0.00864284 -0.00216832 
  7.14107054  0.00846246 -0.00217602 
  7.16608304  0.00828146 -0.00218390 
  7.19109555  0.00809978 -0.00219196 
  7.21610805  0.00791744 -0.00220020 
  7.24112056  0.00773442 -0.00220864 
  7.26613307  0.00755070 -0.00221728 
  7.29114557  0.00736626 -0.00222612 
  7.31615808  0.00718108 -0.00223514 
  7.34117059  0.00699516 -0.00224438 
  7.36618309  0.00680848 -0.00225382 
  7.39119560  0.00662102 -0.00226346 
  7.41620810  0.00643274 -0.00227332 
  7.44122061  0.00624366 -0.00228340 
  7.46623312  0.00605374 -0.00229370 
  7.49124562  0.00586298 -0.00230422 
  7.51625813  0.00567134 -0.00231496 
  7.54127064  0.00547880 -0.00232594 
  7.56628314  0.00528536 -0.00233714 
  7.59129565  0.00509100 -0.00234860 
  7.61630815  0.00489568 -0.00236028 
  7.64132066  0.00469940 -0.00237222 
  7.66633317  0.00450212 -0.00238442 
  7.69134567  0.00430384 -0.00239686 
  7.71635818  0.00410454 -0.00240958 
  7.74137069  0.00390418 -0.00242254 
  7.76638319  0.00370274 -0.00243580 
  7.79139570  0.00350022 -0.00244930 
  7.81640820  0.00329656 -0.00246310 
  7.84142071  0.00309178 -0.00247720 
  7.86643322  0.00288582 -0.00249158 
  7.89144572  0.00267868 -0.00250624 
  7.91645823  0.00247034 -0.00252122 
  7.94147074  0.00226076 -0.00253652 
  7.96648324  0.00204990 -0.00255212 
  7.99149575  0.00183776 -0.00256804 
  8.01650825  0.00162430 -0.00258428 
  8.04152076  0.00140952 -0.00260088 
  8.06653327  0.00119334 -0.00261780 
  8.09154577  0.00097578 -0.00263508 
  8.11655828  0.00075680 -0.00265270 
  8.14157079  0.00053636 -0.00267070 
  8.16658329  0.00031444 -0.00268906 
  8.19159580  0.00009100 -0.00270782 
  8.21660830 -0.00013398 -0.00272694 
  8.24162081 -0.00036054 -0.00274648 
  8.26663332 -0.00058872 -0.00276640 
  8.29164582 -0.00081852 -0.00278676 
  8.31665833 -0.00105002 -0.00280752 
  8.34167084 -0.00128322 -0.00282872 
  8.36668334 -0.00151816 -0.00285036 
  8.39169585 -0.00175488 -0.00287246 
  8.41670835 -0.00199342 -0.00289502 
  8.44172086 -0.00223382 -0.00291806 
  8.46673337 -0.00247612 -0.00294156 
  8.49174587 -0.00272036 -0.00296558 
  8.51675838 -0.00296656 -0.00299010 
  8.54177089 -0.00321478 -0.00301514 
  8.56678339 -0.00346504 -0.00304072 
  8.59179590 -0.00371742 -0.00306684 
  8.61680840 -0.00397196 -0.00309352 
  8.64182091 -0.00422866 -0.00312076 
  8.66683342 -0.00448762 -0.00314860 
  8.69184592 -0.00474886 -0.00317704 
  8.71685843 -0.00501242 -0.00320610 
  8.74187094 -0.00527838 -0.00323580 
  8.76688344 -0.00554676 -0.00326614 
  8.79189595 -0.00581764 -0.00329716 
  8.81690845 -0.00609106 -0.00332886 
  8.84192096 -0.00636708 -0.00336126 
  8.86693347 -0.00664574 -0.00339438 
  8.89194597 -0.00692712 -0.00342824 
  8.91695848 -0.00721128 -0.00346288 
  8.94197099 -0.00749826 -0.00349828 
  8.96698349 -0.00778814 -0.00353450 
  8.99199600 -0.00808098 -0.00357154 
  9.01700850 -0.00837684 -0.00360942 
  9.04202101 -0.00867580 -0.00364820 
  9.06703352 -0.00897792 -0.00368786 
  9.09204602 -0.00928330 -0.00372846 
  9.11705853 -0.00959198 -0.00377000 
  9.14207104 -0.00990404 -0.00381254 
  9.16708354 -0.01021956 -0.00385608 
  9.19209605 -0.01053864 -0.00390066 
  9.21710855 -0.01086136 -0.00394630 
  9.24212106 -0.01118778 -0.00399306 
  9.26713357 -0.01151800 -0.00404096 
  9.29214607 -0.01185212 -0.00409004 
  9.31715858 -0.01219024 -0.00414032 
  9.34217109 -0.01253244 -0.00419186 
  9.36718359 -0.01287882 -0.00424468 
  9.39219610 -0.01322948 -0.00429884 
  9.41720860 -0.01358454 -0.00435436 
  9.44222111 -0.01394408 -0.00441132 
  9.46723362 -0.01430826 -0.00446974 
  9.49224612 -0.01467716 -0.00452968 
  9.51725863 -0.01505090 -0.00459120 
  9.54227114 -0.01542960 -0.00465432 
  9.56728364 -0.01581342 -0.00471914 
  9.59229615 -0.01620246 -0.00478568 
  9.61730865 -0.01659688 -0.00485404 
  9.64232116 -0.01699678 -0.00492424 
  9.66733367 -0.01740236 -0.00499638 
  9.69234617 -0.01781374 -0.00507052 
  9.71735868 -0.01823106 -0.00514674 
  9.74237119 -0.01865452 -0.00522510 
  9.76738369 -0.01908424 -0.00530570 
  9.79239620 -0.01952044 -0.00538860 
  9.81740870 -0.01996328 -0.00547392 
  9.84242121 -0.02041294 -0.00556174 
  9.86743372 -0.02086962 -0.00565214 
  9.89244622 -0.02133350 -0.00574526 
  9.91745873 -0.02180482 -0.00584116 
  9.94247124 -0.02228376 -0.00594000 
  9.96748374 -0.02277058 -0.00604186 
  9.99249625 -0.02326548 -0.00614690 
 10.01750875 -0.02376870 -0.00625524 
 10.04252126 -0.02428052 -0.00636700 
 10.06753377 -0.02480116 -0.00648236 
 10.09254627 -0.02533092 -0.00660144 
 10.11755878 -0.02587008 -0.00672444 
 10.14257129 -0.02641892 -0.00685152 
 10.16758379 -0.02697774 -0.00698284 
 10.19259630 -0.02754686 -0.00711862 
 10.21760880 -0.02812662 -0.00725908 
 10.24262131 -0.02871736 -0.00740440 
 10.26763382 -0.02931942 -0.00755482 
 10.29264632 -0.02993320 -0.00771060 
 10.31765883 -0.03055908 -0.00787200 
 10.34267134 -0.03119746 -0.00803926 
 10.36768384 -0.03184878 -0.00821272 
 10.39269635 -0.03251348 -0.00839266 
 10.41770885 -0.03319202 -0.00857944 
 10.44272136 -0.03388488 -0.00877338 
 10.46773387 -0.03459258 -0.00897488 
 10.49274637 -0.03531564 -0.00918434 
 10.51775888 -0.03605462 -0.00940220 
 10.54277139 -0.03681012 -0.00962890 
 10.56778389 -0.03758272 -0.00986492 
 10.59279640 -0.03837308 -0.01011084 
 10.61780890 -0.03918188 -0.01036716 
 10.64282141 -0.04000980 -0.01063454 
 10.66783392 -0.04085758 -0.01091362 
 10.69284642 -0.04172602 -0.01120510 
 10.71785893 -0.04261592 -0.01150972 
 10.74287144 -0.04352812 -0.01182830 
 10.76788394 -0.04446352 -0.01216174 
 10.79289645 -0.04542310 -0.01251098 
 10.81790895 -0.04640780 -0.01287702 
 10.84292146 -0.04741870 -0.01326102 
 10.86793397 -0.04845688 -0.01366414 
 10.89294647 -0.04952348 -0.01408772 
 10.91795898 -0.05061974 -0.01453318 
 10.94297149 -0.05174690 -0.01500204 
 10.96798399 -0.05290632 -0.01549602 
 10.99299650 -0.05409938 -0.01601696 
 11.01800900 -0.05532758 -0.01656684 
 11.04302151 -0.05659246 -0.01714788 
 11.06803402 -0.05789564 -0.01776248 
 11.09304652 -0.05923880 -0.01841332 
 11.11805903 -0.06062372 -0.01910328 
 11.14307154 -0.06205226 -0.01983558 
 11.16808404 -0.06352634 -0.02061372 
 11.19309655 -0.06504794 -0.02144164 
 11.21810905 -0.06661916 -0.02232362 
 11.24312156 -0.06824212 -0.02326444 
 11.26813407 -0.06991896 -0.02426942 
 11.29314657 -0.07165192 -0.02534444 
 11.31815908 -0.07344320 -0.02649606 
 11.34317159 -0.07529498 -0.02773156 
 11.36818409 -0.07720944 -0.02905914 
 11.39319660 -0.07918856 -0.03048790 
 11.41820910 -0.08123422 -0.03202806 
 11.44322161 -0.08334796 -0.03369108 
 11.46823412 -0.08553098 -0.03548978 
 11.49324662 -0.08778394 -0.03743864 
 11.51825913 -0.09010676 -0.03955388 
 11.54327164 -0.09249842 -0.04185374 
 11.56828414 -0.09495654 -0.04435876 
 11.59329665 -0.09747714 -0.04709198 
 11.61830915 -0.10005394 -0.05007932 
 11.64332166 -0.10267784 -0.05334972 
 11.66833417 -0.10533602 -0.05693554 
 11.69334667 -0.10801094 -0.06087268 
 11.71835918 -0.11067894 -0.06520068 
 11.74337169 -0.11330870 -0.06996268 
 11.76838419 -0.11585918 -0.07520500 
 11.79339670 -0.11827716 -0.08097632 
 11.81840920 -0.12049456 -0.08732622 
 11.84342171 -0.12242500 -0.09430264 
 11.86843422 -0.12396054 -0.10194812 
 11.89344672 -0.12496822 -0.11029402 
 11.91845923 -0.12528746 -0.11935272 
 11.94347174 -0.12472920 -0.12910678 
 11.96848424 -0.12307814 -0.13949554 
 11.99349675 -0.12010032 -0.15039930 
 12.01850925 -0.11555802 -0.16162296 
 12.04352176 -0.10923428 -0.17288246 
 12.06853427 -0.10096730 -0.18379932 
 12.09354677 -0.09069228 -0.19390950 
 12.11855928 -0.07848390 -0.20269314 
 12.14357179 -0.06458762 -0.20962662 
 12.16858429 -0.04942694 -0.21425214 
 12.19359680 -0.03357634 -0.21625056 
 12.21860930 -0.01769984 -0.21549824 
 12.24362181 -0.00246750 -0.21209000 
 12.26863432  0.01152952 -0.20632104 
 12.29364682  0.02384354 -0.19863384 
 12.31865933  0.03420178 -0.18954698 
 12.34367184  0.04250364 -0.17958506 
 12.36868434  0.04879246 -0.16922426 
 12.39369685  0.05321464 -0.15885972 
 12.41870935  0.05597794 -0.14879360 
 12.44372186  0.05731588 -0.13923856 
 12.46873437  0.05746200 -0.13033002 
 12.49374687  0.05663338 -0.12214210 
 12.51875938  0.05502194 -0.11470352 
 12.54377189  0.05279144 -0.10801146 
 12.56878439  0.05007772 -0.10204266 
 12.59379690  0.04699116 -0.09676196 
 12.61880940  0.04361988 -0.09212840 
 12.64382191  0.04003318 -0.08809930 
 12.66883442  0.03628480 -0.08463318 
 12.69384692  0.03241588 -0.08169142 
 12.71885943  0.02845750 -0.07923936 
 12.74387194  0.02443278 -0.07724684 
 12.76888444  0.02035862 -0.07568848 
 12.79389695  0.01624724 -0.07454376 
 12.81890945  0.01210734 -0.07379698 
 12.84392196  0.00794510 -0.07343726 
 12.86893447  0.00376514 -0.07345840 
 12.89394697 -0.00042876 -0.07385894 
 12.91895948 -0.00463286 -0.07464204 
 12.94397199 -0.00884278 -0.07581552 
 12.96898449 -0.01305262 -0.07739194 
 12.99399700 -0.01725422 -0.07938864 
 13.01900950 -0.02143600 -0.08182774 
 13.04402201 -0.02558198 -0.08473620 
 13.06903452 -0.02967026 -0.08814560 
 13.09404702 -0.03367142 -0.09209198 
 13.11905953 -0.03754656 -0.09661508 
 13.14407204 -0.04124514 -0.10175736 
 13.16908454 -0.04470234 -0.10756220 
 13.19409705 -0.04783656 -0.11407122 
 13.21910955 -0.05054682 -0.12132048 
 13.24412206 -0.05271078 -0.12933518 
 13.26913457 -0.05418394 -0.13812278 
 13.29414707 -0.05480064 -0.14766484 
 13.31915958 -0.05437814 -0.15790780 
 13.34417209 -0.05272418 -0.16875412 
 13.36918459 -0.04964848 -0.18005534 
 13.39419710 -0.04497722 -0.19160880 
 13.41920960 -0.03856882 -0.20315944 
 13.44422211 -0.03032852 -0.21440642 
 13.46923462 -0.02021998 -0.22501318 
 13.49424712 -0.00827432 -0.23461792 
 13.51925963  0.00540080 -0.24284426 
 13.54427214  0.02060954 -0.24931448 
 13.56928464  0.03705444 -0.25367096 
 13.59429715  0.05432802 -0.25561052 
 13.61930965  0.07192066 -0.25492996 
 13.64432216  0.08925314 -0.25157166 
 13.66933467  0.10573408 -0.24565276 
 13.69434717  0.12082938 -0.23746414 
 13.71935968  0.13412482 -0.22743578 
 13.74437219  0.14536456 -0.21607810 
 13.76938469  0.15445830 -0.20391656 
 13.79439720  0.16146098 -0.19143558 
 13.81940970  0.16653620 -0.17904160 
 13.84442221  0.16991514 -0.16704674 
 13.86943472  0.17185992 -0.15566880 
 13.89444722  0.17263558 -0.14504162 
 13.91945973  0.17249142 -0.13523016 
 13.94447224  0.17165016 -0.12624602 
 13.96948474  0.17030264 -0.11806164 
 13.99449725  0.16860594 -0.11062224 
 14.01950975  0.16668358 -0.10385584 
 14.04452226  0.16462694 -0.09768196 
 14.06953477  0.16249796 -0.09201916 
 14.09454727  0.16033302 -0.08679172 
 14.11955978  0.15814842 -0.08193484 
 14.14457229  0.15594676 -0.07739756 
 14.16958479  0.15372350 -0.07314360 
 14.19459730  0.15147250 -0.06914940 
 14.21960980  0.14918988 -0.06540114 
 14.24462231  0.14687574 -0.06189102 
 14.26963482  0.14453436 -0.05861414 
 14.29464732  0.14217328 -0.05556640 
 14.31965983  0.13980226 -0.05274316 
 14.34467234  0.13743210 -0.05013896 
 14.36968484  0.13507408 -0.04774742 
 14.39469735  0.13273938 -0.04556136 
 14.41970985  0.13043898 -0.04357306 
 14.44472236  0.12818356 -0.04177430 
 14.46973487  0.12598354 -0.04015650 
 14.49474737  0.12384918 -0.03871074 
 14.51975988  0.12179080 -0.03742770 
 14.54477239  0.11981888 -0.03629738 
 14.56978489  0.11794416 -0.03530878 
 14.59479740  0.11617768 -0.03444938 
 14.61980990  0.11453040 -0.03370450 
 14.64482241  0.11301262 -0.03305668 
 14.66983492  0.11163300 -0.03248530 
 14.69484742  0.11039726 -0.03196636 
 14.71985993  0.10930650 -0.03147296 
 14.74487244  0.10835572 -0.03097652 
 14.76988494  0.10753258 -0.03044876 
 14.79489745  0.10681704 -0.02986442 
 14.81990995  0.10618228 -0.02920424 
 14.84492246  0.10559692 -0.02845744 
 14.86993497  0.10502846 -0.02762326 
 14.89494747  0.10444708 -0.02671054 
 14.91995998  0.10382888 -0.02573586 
 14.94497249  0.10315778 -0.02472044 
 14.96998499  0.10242594 -0.02368680 
 14.99499750  0.10163270 -0.02265600 
 15.02001001  0.10078286 -0.02164574 
 15.04502251  0.09988458 -0.02066954 
 15.07003502  0.09894778 -0.01973668 
 15.09504752  0.09798256 -0.01885282 
 15.12006003  0.09699852 -0.01802050 
 15.14507254  0.09600416 -0.01724012 
 15.17008504  0.09500670 -0.01651044 
 15.19509755  0.09401202 -0.01582924 
 15.22011006  0.09302484 -0.01519372 
 15.24512256  0.09204884 -0.01460078 
 15.27013507  0.09108674 -0.01404724 
 15.29514757  0.09014058 -0.01352998 
 15.32016008  0.08921180 -0.01304602 
 15.34517259  0.08830132 -0.01259258 
 15.37018509  0.08740972 -0.01216708 
 15.39519760  0.08653732 -0.01176718 
 15.42021011  0.08568416 -0.01139074 
 15.44522261  0.08485016 -0.01103580 
 15.47023512  0.08403508 -0.01070060 
 15.49524762  0.08323860 -0.01038358 
 15.52026013  0.08246036 -0.01008328 
 15.54527264  0.08169990 -0.00979842 
 15.57028514  0.08095678 -0.00952784 
 15.59529765  0.08023052 -0.00927046 
 15.62031016  0.07952062 -0.00902536 
 15.64532266  0.07882660 -0.00879164 
 15.67033517  0.07814798 -0.00856854 
 15.69534767  0.07748426 -0.00835532 
 15.72036018  0.07683498 -0.00815134 
 15.74537269  0.07619970 -0.00795602 
 15.77038519  0.07557794 -0.00776880 
 15.79539770  0.07496926 -0.00758918 
 15.82041021  0.07437328 -0.00741670 
 15.84542271  0.07378958 -0.00725096 
 15.87043522  0.07321776 -0.00709156 
 15.89544772  0.07265744 -0.00693812 
 15.92046023  0.07210828 -0.00679036 
 15.94547274  0.07156992 -0.00664792 
 15.97048524  0.07104202 -0.00651056 
 15.99549775  0.07052428 -0.00637800 
 16.02051026  0.07001636 -0.00624998 
 16.04552276  0.06951800 -0.00612630 
 16.07053527  0.06902888 -0.00600674 
 16.09554777  0.06854874 -0.00589108 
 16.12056028  0.06807734 -0.00577916 
 16.14557279  0.06761438 -0.00567078 
 16.17058529  0.06715966 -0.00556580 
 16.19559780  0.06671292 -0.00546406 
 16.22061031  0.06627394 -0.00536542 
 16.24562281  0.06584252 -0.00526974 
 16.27063532  0.06541842 -0.00517688 
 16.29564782  0.06500146 -0.00508674 
 16.32066033  0.06459146 -0.00499922 
 16.34567284  0.06418822 -0.00491416 
 16.37068534  0.06379154 -0.00483150 
 16.39569785  0.06340128 -0.00475114 
 16.42071036  0.06301726 -0.00467300 
 16.44572286  0.06263932 -0.00459696 
 16.47073537  0.06226730 -0.00452296 
 16.49574787  0.06190106 -0.00445092 
 16.52076038  0.06154046 -0.00438078 
 16.54577289  0.06118534 -0.00431244 
 16.57078539  0.06083558 -0.00424586 
 16.59579790  0.06049104 -0.00418096 
 16.62081041  0.06015160 -0.00411770 
 16.64582291  0.05981714 -0.00405600 
 16.67083542  0.05948754 -0.00399582 
 16.69584792  0.05916268 -0.00393710 
 16.72086043  0.05884248 -0.00387980 
 16.74587294  0.05852678 -0.00382386 
 16.77088544  0.05821552 -0.00376922 
 16.79589795  0.05790858 -0.00371588 
 16.82091046  0.05760588 -0.00366378 
 16.84592296  0.05730732 -0.00361286 
 16.87093547  0.05701278 -0.00356310 
 16.89594797  0.05672220 -0.00351446 
 16.92096048  0.05643550 -0.00346690 
 16.94597299  0.05615258 -0.00342040 
 16.97098549  0.05587338 -0.00337492 
 16.99599800  0.05559778 -0.00333042 
 17.02101051  0.05532576 -0.00328688 
 17.04602301  0.05505720 -0.00324426 
 17.07103552  0.05479204 -0.00320256 
 17.09604802  0.05453022 -0.00316172 
 17.12106053  0.05427166 -0.00312174 
 17.14607304  0.05401632 -0.00308258 
 17.17108554  0.05376410 -0.00304422 
 17.19609805  0.05351496 -0.00300664 
 17.22111056  0.05326884 -0.00296982 
 17.24612306  0.05302568 -0.00293374 
 17.27113557  0.05278540 -0.00289836 
 17.29614807  0.05254796 -0.00286368 
 17.32116058  0.05231332 -0.00282968 
 17.34617309  0.05208142 -0.00279634 
 17.37118559  0.05185218 -0.00276364 
 17.39619810  0.05162560 -0.00273156 
 17.42121061  0.05140158 -0.00270010 
 17.44622311  0.05118010 -0.00266922 
 17.47123562  0.05096112 -0.00263892 
 17.49624812  0.05074458 -0.00260918 
 17.52126063  0.05053044 -0.00257998 
 17.54627314  0.05031866 -0.00255132 
 17.57128564  0.05010918 -0.00252318 
 17.59629815  0.04990198 -0.00249554 
 17.62131066  0.04969702 -0.00246840 
 17.64632316  0.04949424 -0.00244174 
 17.67133567  0.04929362 -0.00241556 
 17.69634817  0.04909514 -0.00238984 
 17.72136068  0.04889872 -0.00236454 
 17.74637319  0.04870434 -0.00233970 
 17.77138569  0.04851200 -0.00231528 
 17.79639820  0.04832162 -0.00229128 
 17.82141071  0.04813318 -0.00226768 
 17.84642321  0.04794666 -0.00224448 
 17.87143572  0.04776202 -0.00222168 
 17.89644822  0.04757924 -0.00219924 
 17.92146073  0.04739828 -0.00217718 
 17.94647324  0.04721910 -0.00215548 
 17.97148574  0.04704168 -0.00213414 
 17.99649825  0.04686600 -0.00211312 
 18.02151076  0.04669204 -0.00209246 
 18.04652326  0.04651974 -0.00207214 
 18.07153577  0.04634910 -0.00205212 
 18.09654827  0.04618008 -0.00203242 
 18.12156078  0.04601266 -0.00201304 
 18.14657329  0.04584684 -0.00199396 
 18.17158579  0.04568254 -0.00197518 
 18.19659830  0.04551980 -0.00195668 
 18.22161081  0.04535854 -0.00193848 
 18.24662331  0.04519878 -0.00192054 
 18.27163582  0.04504048 -0.00190288 
 18.29664832  0.04488360 -0.00188548 
 18.32166083  0.04472816 -0.00186834 
 18.34667334  0.04457410 -0.00185146 
 18.37168584  0.04442142 -0.00183482 
 18.39669835  0.04427010 -0.00181844 
 18.42171086  0.04412012 -0.00180230 
 18.44672336  0.04397146 -0.00178638 
 18.47173587  0.04382408 -0.00177070 
 18.49674837  0.04367800 -0.00175526 
 18.52176088  0.04353318 -0.00174002 
 18.54677339  0.04338958 -0.00172500 
 18.57178589  0.04324724 -0.00171020 
 18.59679840  0.04310608 -0.00169560 
 18.62181091  0.04296612 -0.00168122 
 18.64682341  0.04282734 -0.00166702 
 18.67183592  0.04268972 -0.00165304 
 18.69684842  0.04255324 -0.00163924 
 18.72186093  0.04241790 -0.00162562 
 18.74687344  0.04228366 -0.00161220 
 18.77188594  0.04215052 -0.00159896 
 18.79689845  0.04201848 -0.00158588 
 18.82191096  0.04188748 -0.00157300 
 18.84692346  0.04175756 -0.00156028 
 18.87193597  0.04162866 -0.00154774 
 18.89694847  0.04150080 -0.00153536 
 18.92196098  0.04137394 -0.00152314 
 18.94697349  0.04124810 -0.00151108 
 18.97198599  0.04112322 -0.00149918 
 18.99699850  0.04099934 -0.00148744 
 19.02201101  0.04087642 -0.00147584 
 19.04702351  0.04075444 -0.00146440 
 19.07203602  0.04063340 -0.00145310 
 19.09704852  0.04051328 -0.00144194 
 19.12206103  0.04039408 -0.00143092 
 19.14707354  0.04027578 -0.00142004 
 19.17208604  0.04015838 -0.00140930 
 19.19709855  0.04004186 -0.00139870 
 19.22211106  0.03992620 -0.00138822 
 19.24712356  0.03981140 -0.00137788 
 19.27213607  0.03969746 -0.00136766 
 19.29714857  0.03958434 -0.00135756 
 19.32216108  0.03947206 -0.00134760 
 19.34717359  0.03936060 -0.00133774 
 19.37218609  0.03924994 -0.00132802 
 19.39719860  0.03914008 -0.00131840 
 19.42221111  0.03903102 -0.00130890 
 19.44722361  0.03892272 -0.00129952 
 19.47223612  0.03881522 -0.00129024 
 19.49724862  0.03870846 -0.00128108 
 19.52226113  0.03860244 -0.00127202 
 19.54727364  0.03849718 -0.00126308 
 19.57228614  0.03839266 -0.00125422 
 19.59729865  0.03828886 -0.00124548 
 19.62231116  0.03818578 -0.00123684 
 19.64732366  0.03808342 -0.00122830 
 19.67233617  0.03798174 -0.00121984 
 19.69734867  0.03788078 -0.00121150 
 19.72236118  0.03778048 -0.00120324 
 19.74737369  0.03768088 -0.00119508 
 19.77238619  0.03758194 -0.00118700 
 19.79739870  0.03748366 -0.00117902 
 19.82241121  0.03738606 -0.00117112 
 19.84742371  0.03728908 -0.00116332 
 19.87243622  0.03719276 -0.00115560 
 19.89744872  0.03709706 -0.00114798 
 19.92246123  0.03700200 -0.00114042 
 19.94747374  0.03690756 -0.00113296 
 19.97248624  0.03681372 -0.00112556 
 19.99749875  0.03672050 -0.00111826 
 20.02251126  0.03662788 -0.00111102 
 20.04752376  0.03653586 -0.00110388 
 20.07253627  0.03644442 -0.00109680 
 20.09754877  0.03635356 -0.00108980 
 20.12256128  0.03626330 -0.00108288 
 20.14757379  0.03617358 -0.00107602 
 20.17258629  0.03608444 -0.00106924 
 20.19759880  0.03599586 -0.00106254 
 20.22261131  0.03590782 -0.00105590 
 20.24762381  0.03582034 -0.00104932 
 20.27263632  0.03573338 -0.00104282 
 20.29764882  0.03564698 -0.00103638 
 20.32266133  0.03556110 -0.00103002 
 20.34767384  0.03547574 -0.00102370 
 20.37268634  0.03539090 -0.00101746 
 20.39769885  0.03530658 -0.00101128 
 20.42271136  0.03522278 -0.00100518 
 20.44772386  0.03513946 -0.00099912 
 20.47273637  0.03505666 -0.00099312 
 20.49774887  0.03497434 -0.00098720 
 20.52276138  0.03489250 -0.00098132 
 20.54777389  0.03481116 -0.00097550 
 20.57278639  0.03473030 -0.00096974 
 20.59779890  0.03464992 -0.00096404 
 20.62281141  0.03457000 -0.00095840 
 20.64782391  0.03449054 -0.00095280 
 20.67283642  0.03441154 -0.00094726 
 20.69784892  0.03433302 -0.00094178 
 20.72286143  0.03425492 -0.00093634 
 20.74787394  0.03417730 -0.00093096 
 20.77288644  0.03410010 -0.00092564 
 20.79789895  0.03402334 -0.00092036 
 20.82291146  0.03394704 -0.00091514 
 20.84792396  0.03387114 -0.00090996 
 20.87293647  0.03379568 -0.00090482 
 20.89794897  0.03372064 -0.00089974 
 20.92296148  0.03364604 -0.00089472 
 20.94797399  0.03357182 -0.00088972 
 20.97298649  0.03349804 -0.00088478 
 20.99799900  0.03342466 -0.00087990 
 21.02301151  0.03335168 -0.00087504 
 21.04802401  0.03327910 -0.00087024 
 21.07303652  0.03320692 -0.00086548 
 21.09804902  0.03313512 -0.00086076 
 21.12306153  0.03306372 -0.00085608 
 21.14807404  0.03299272 -0.00085146 
 21.17308654  0.03292208 -0.00084686 
 21.19809905  0.03285182 -0.00084232 
 21.22311156  0.03278194 -0.00083780 
 21.24812406  0.03271244 -0.00083334 
 21.27313657  0.03264330 -0.00082890 
 21.29814907  0.03257454 -0.00082452 
 21.32316158  0.03250612 -0.00082016 
 21.34817409  0.03243808 -0.00081586 
 21.37318659  0.03237038 -0.00081158 
 21.39819910  0.03230304 -0.00080734 
 21.42321161  0.03223606 -0.00080314 
 21.44822411  0.03216942 -0.00079898 
 21.47323662  0.03210312 -0.00079486 
 21.49824912  0.03203716 -0.00079076 
 21.52326163  0.03197154 -0.00078670 
 21.54827414  0.03190624 -0.00078268 
 21.57328664  0.03184130 -0.00077870 
 21.59829915  0.03177668 -0.00077474 
 21.62331166  0.03171238 -0.00077082 
 21.64832416  0.03164840 -0.00076694 
 21.67333667  0.03158474 -0.00076308 
 21.69834917  0.03152142 -0.00075926 
 21.72336168  0.03145840 -0.00075546 
 21.74837419  0.03139570 -0.00075170 
 21.77338669  0.03133330 -0.00074798 
 21.79839920  0.03127122 -0.00074428 
 21.82341171  0.03120944 -0.00074062 
 21.84842421  0.03114796 -0.00073698 
 21.87343672  0.03108678 -0.00073338 
 21.89844922  0.03102590 -0.00072980 
 21.92346173  0.03096532 -0.00072626 
 21.94847424  0.03090502 -0.00072274 
 21.97348674  0.03084504 -0.00071924 
 21.99849925  0.03078532 -0.00071578 
 22.02351176  0.03072590 -0.00071234 
 22.04852426  0.03066676 -0.00070894 
 22.07353677  0.03060790 -0.00070556 
 22.09854927  0.03054932 -0.00070220 
 22.12356178  0.03049102 -0.00069888 
 22.14857429  0.03043300 -0.00069558 
 22.17358679  0.03037524 -0.00069232 
 22.19859930  0.03031776 -0.00068906 
 22.22361181  0.03026054 -0.00068584 
 22.24862431  0.03020360 -0.00068264 
 22.27363682  0.03014690 -0.00067948 
 22.29864932  0.03009048 -0.00067632 
 22.32366183  0.03003432 -0.00067320 
 22.34867434  0.02997842 -0.00067010 
 22.37368684  0.02992278 -0.00066702 
 22.39869935  0.02986738 -0.00066398 
 22.42371186  0.02981224 -0.00066094 
 22.44872436  0.02975736 -0.00065794 
 22.47373687  0.02970272 -0.00065496 
 22.49874937  0.02964832 -0.00065200 
 22.52376188  0.02959418 -0.00064906 
 22.54877439  0.02954026 -0.00064614 
 22.57378689  0.02948660 -0.00064326 
 22.59879940  0.02943318 -0.00064038 
 22.62381191  0.02937998 -0.00063754 
 22.64882441  0.02932704 -0.00063470 
 22.67383692  0.02927432 -0.00063190 
 22.69884942  0.02922184 -0.00062910 
 22.72386193  0.02916958 -0.00062634 
 22.74887444  0.02911756 -0.00062360 
 22.77388694  0.02906576 -0.00062086 
 22.79889945  0.02901418 -0.00061816 
 22.82391196  0.02896284 -0.00061548 
 22.84892446  0.02891170 -0.00061280 
 22.87393697  0.02886080 -0.00061016 
 22.89894947  0.02881012 -0.00060754 
 22.92396198  0.02875964 -0.00060492 
 22.94897449  0.02870940 -0.00060234 
 22.97398699  0.02865936 -0.00059976 
 22.99899950  0.02860954 -0.00059720 
 23.02401201  0.02855992 -0.00059468 
 23.04902451  0.02851052 -0.00059216 
 23.07403702  0.02846132 -0.00058966 
 23.09904952  0.02841232 -0.00058718 
 23.12406203  0.02836354 -0.00058470 
 23.14907454  0.02831496 -0.00058226 
 23.17408704  0.02826660 -0.00057984 
 23.19909955  0.02821842 -0.00057742 
 23.22411206  0.02817044 -0.00057502 
 23.24912456  0.02812266 -0.00057264 
 23.27413707  0.02807508 -0.00057028 
 23.29914957  0.02802770 -0.00056794 
 23.32416208  0.02798050 -0.00056560 
 23.34917459  0.02793352 -0.00056328 
 23.37418709  0.02788670 -0.00056098 
 23.39919960  0.02784010 -0.00055870 
 23.42421211  0.02779366 -0.00055644 
 23.44922461  0.02774744 -0.00055418 
 23.47423712  0.02770138 -0.00055194 
 23.49924962  0.02765552 -0.00054972 
 23.52426213  0.02760984 -0.00054752 
 23.54927464  0.02756434 -0.00054532 
 23.57428714  0.02751902 -0.00054314 
 23.59929965  0.02747388 -0.00054098 
 23.62431216  0.02742892 -0.00053884 
 23.64932466  0.02738414 -0.00053670 
 23.67433717  0.02733954 -0.00053458 
 23.69934967  0.02729512 -0.00053248 
 23.72436218  0.02725086 -0.00053038 
 23.74937469  0.02720678 -0.00052830 
 23.77438719  0.02716288 -0.00052624 
 23.79939970  0.02711914 -0.00052420 
 23.82441221  0.02707558 -0.00052216 
 23.84942471  0.02703218 -0.00052012 
 23.87443722  0.02698894 -0.00051812 
 23.89944972  0.02694588 -0.00051612 
 23.92446223  0.02690298 -0.00051414 
 23.94947474  0.02686026 -0.00051216 
 23.97448724  0.02681768 -0.00051020 
 23.99949975  0.02677528 -0.00050826 
 24.02451226  0.02673304 -0.00050632 
 24.04952476  0.02669094 -0.00050440 
 24.07453727  0.02664902 -0.00050248 
 24.09954977  0.02660726 -0.00050058 
 24.12456228  0.02656564 -0.00049870 
 24.14957479  0.02652418 -0.00049682 
 24.17458729  0.02648290 -0.00049496 
 24.19959980  0.02644174 -0.00049312 
 24.22461231  0.02640076 -0.00049128 
 24.24962481  0.02635992 -0.00048944 
 24.27463732  0.02631924 -0.00048762 
 24.29964982  0.02627870 -0.00048582 
 24.32466233  0.02623832 -0.00048402 
 24.34967484  0.02619808 -0.00048224 
 24.37468734  0.02615798 -0.00048048 
 24.39969985  0.02611804 -0.00047872 
 24.42471236  0.02607824 -0.00047696 
 24.44972486  0.02603860 -0.00047522 
 24.47473737  0.02599908 -0.00047350 
 24.49974987  0.02595972 -0.00047178 
 24.52476238  0.02592050 -0.00047006 
 24.54977489  0.02588142 -0.00046836 
 24.57478739  0.02584248 -0.00046668 
 24.59979990  0.02580368 -0.00046500 
 24.62481241  0.02576502 -0.00046334 
 24.64982491  0.02572650 -0.00046168 
 24.67483742  0.02568812 -0.00046004 
 24.69984992  0.02564988 -0.00045840 
 24.72486243  0.02561176 -0.00045676 
 24.74987494  0.02557378 -0.00045514 
 24.77488744  0.02553594 -0.00045354 
 24.79989995  0.02549824 -0.00045194 
 24.82491246  0.02546066 -0.00045034 
 24.84992496  0.02542320 -0.00044876 
 24.87493747  0.02538590 -0.00044720 
 24.89994997  0.02534872 -0.00044564 
 24.92496248  0.02531166 -0.00044408 
 24.94997499  0.02527474 -0.00044254 
 24.97498749  0.02523794 -0.00044100 
 25.00000000  0.02520126 -0.00043948 
