-24.89994997 -0.00056784 -0.00000884 
-24.87493747 -0.00056858 -0.00000884 
-24.84992496 -0.00056930 -0.00000886 
-24.82491246 -0.00057006 -0.00000888 
-24.79989995 -0.00057078 -0.00000892 
-24.77488744 -0.00057154 -0.00000894 
-24.74987494 -0.00057228 -0.00000898 
-24.72486243 -0.00057302 -0.00000898 
-24.69984992 -0.00057378 -0.00000902 
-24.67483742 -0.00057454 -0.00000904 
-24.64982491 -0.00057528 -0.00000906 
-24.62481241 -0.00057604 -0.00000908 
-24.59979990 -0.00057678 -0.00000912 
-24.57478739 -0.00057756 -0.00000912 
-24.54977489 -0.00057832 -0.00000916 
-24.52476238 -0.00057908 -0.00000918 
-24.49974987 -0.00057984 -0.00000920 
-24.47473737 -0.00058062 -0.00000924 
-24.44972486 -0.00058138 -0.00000924 
-24.42471236 -0.00058216 -0.00000926 
-24.39969985 -0.00058294 -0.00000930 
-24.37468734 -0.00058370 -0.00000932 
-24.34967484 -0.00058448 -0.00000936 
-24.32466233 -0.00058528 -0.00000938 
-24.29964982 -0.00058604 -0.00000940 
-24.27463732 -0.00058684 -0.00000942 
-24.24962481 -0.00058762 -0.00000946 
-24.22461231 -0.00058840 -0.00000946 
-24.19959980 -0.00058920 -0.00000950 
-24.17458729 -0.00058998 -0.00000952 
-24.14957479 -0.00059078 -0.00000954 
-24.12456228 -0.00059158 -0.00000956 
-24.09954977 -0.00059238 -0.00000960 
-24.07453727 -0.00059316 -0.00000962 
-24.04952476 -0.00059398 -0.00000966 
-24.02451226 -0.00059478 -0.00000968 
-23.99949975 -0.00059558 -0.00000970 
-23.97448724 -0.00059640 -0.00000972 
-23.94947474 -0.00059722 -0.00000976 
-23.92446223 -0.00059804 -0.00000978 
-23.89944972 -0.00059884 -0.00000980 
-23.87443722 -0.00059966 -0.00000984 
-23.84942471 -0.00060048 -0.00000986 
-23.82441221 -0.00060132 -0.00000988 
-23.79939970 -0.00060214 -0.00000990 
-23.77438719 -0.00060296 -0.00000994 
-23.74937469 -0.00060380 -0.00000998 
-23.72436218 -0.00060462 -0.00001000 
-23.69934967 -0.00060546 -0.00001002 
-23.67433717 -0.00060630 -0.00001004 
-23.64932466 -0.00060712 -0.00001006 
-23.62431216 -0.00060796 -0.00001010 
-23.59929965 -0.00060880 -0.00001014 
-23.57428714 -0.00060966 -0.00001016 
-23.54927464 -0.00061050 -0.00001018 
-23.52426213 -0.00061134 -0.00001020 
-23.49924962 -0.00061222 -0.00001024 
-23.47423712 -0.00061306 -0.00001028 
-23.44922461 -0.00061392 -0.00001030 
-23.42421211 -0.00061478 -0.00001032 
-23.39919960 -0.00061564 -0.00001036 
-23.37418709 -0.00061650 -0.00001038 
-23.34917459 -0.00061736 -0.00001042 
-23.32416208 -0.00061824 -0.00001046 
-23.29914957 -0.00061910 -0.00001048 
-23.27413707 -0.00061998 -0.00001050 
-23.24912456 -0.00062086 -0.00001052 
-23.22411206 -0.00062174 -0.00001056 
-23.19909955 -0.00062262 -0.00001058 
-23.17408704 -0.00062350 -0.00001062 
-23.14907454 -0.00062438 -0.00001066 
-23.12406203 -0.00062530 -0.00001068 
-23.09904952 -0.00062618 -0.00001070 
-23.07403702 -0.00062706 -0.00001074 
-23.04902451 -0.00062796 -0.00001078 
-23.02401201 -0.00062886 -0.00001080 
-22.99899950 -0.00062976 -0.00001084 
-22.97398699 -0.00063066 -0.00001086 
-22.94897449 -0.00063158 -0.00001090 
-22.92396198 -0.00063248 -0.00001094 
-22.89894947 -0.00063338 -0.00001096 
-22.87393697 -0.00063430 -0.00001098 
-22.84892446 -0.00063522 -0.00001102 
-22.82391196 -0.00063616 -0.00001106 
-22.79889945 -0.00063708 -0.00001110 
-22.77388694 -0.00063798 -0.00001112 
-22.74887444 -0.00063892 -0.00001114 
-22.72386193 -0.00063984 -0.00001118 
-22.69884942 -0.00064078 -0.00001122 
-22.67383692 -0.00064172 -0.00001124 
-22.64882441 -0.00064266 -0.00001128 
-22.62381191 -0.00064360 -0.00001130 
-22.59879940 -0.00064454 -0.00001134 
-22.57378689 -0.00064548 -0.00001138 
-22.54877439 -0.00064642 -0.00001140 
-22.52376188 -0.00064738 -0.00001144 
-22.49874937 -0.00064834 -0.00001146 
-22.47373687 -0.00064930 -0.00001150 
-22.44872436 -0.00065026 -0.00001154 
-22.42371186 -0.00065122 -0.00001156 
-22.39869935 -0.00065220 -0.00001162 
-22.37368684 -0.00065316 -0.00001166 
-22.34867434 -0.00065412 -0.00001166 
-22.32366183 -0.00065510 -0.00001172 
-22.29864932 -0.00065608 -0.00001174 
-22.27363682 -0.00065706 -0.00001178 
-22.24862431 -0.00065804 -0.00001182 
-22.22361181 -0.00065902 -0.00001186 
-22.19859930 -0.00066002 -0.00001188 
-22.17358679 -0.00066102 -0.00001192 
-22.14857429 -0.00066202 -0.00001196 
-22.12356178 -0.00066300 -0.00001200 
-22.09854927 -0.00066400 -0.00001202 
-22.07353677 -0.00066500 -0.00001206 
-22.04852426 -0.00066602 -0.00001210 
-22.02351176 -0.00066702 -0.00001214 
-21.99849925 -0.00066804 -0.00001216 
-21.97348674 -0.00066904 -0.00001222 
-21.94847424 -0.00067006 -0.00001226 
-21.92346173 -0.00067108 -0.00001228 
-21.89844922 -0.00067210 -0.00001232 
-21.87343672 -0.00067314 -0.00001236 
-21.84842421 -0.00067418 -0.00001240 
-21.82341171 -0.00067520 -0.00001244 
-21.79839920 -0.00067626 -0.00001246 
-21.77338669 -0.00067728 -0.00001250 
-21.74837419 -0.00067834 -0.00001254 
-21.72336168 -0.00067938 -0.00001258 
-21.69834917 -0.00068044 -0.00001262 
-21.67333667 -0.00068148 -0.00001266 
-21.64832416 -0.00068252 -0.00001270 
-21.62331166 -0.00068360 -0.00001274 
-21.59829915 -0.00068466 -0.00001278 
-21.57328664 -0.00068572 -0.00001282 
-21.54827414 -0.00068680 -0.00001286 
-21.52326163 -0.00068786 -0.00001290 
-21.49824912 -0.00068896 -0.00001292 
-21.47323662 -0.00069002 -0.00001296 
-21.44822411 -0.00069112 -0.00001302 
-21.42321161 -0.00069218 -0.00001306 
-21.39819910 -0.00069328 -0.00001310 
-21.37318659 -0.00069438 -0.00001314 
-21.34817409 -0.00069546 -0.00001318 
-21.32316158 -0.00069658 -0.00001322 
-21.29814907 -0.00069766 -0.00001326 
-21.27313657 -0.00069878 -0.00001332 
-21.24812406 -0.00069988 -0.00001334 
-21.22311156 -0.00070100 -0.00001338 
-21.19809905 -0.00070212 -0.00001342 
-21.17308654 -0.00070324 -0.00001348 
-21.14807404 -0.00070436 -0.00001352 
-21.12306153 -0.00070550 -0.00001356 
-21.09804902 -0.00070662 -0.00001360 
-21.07303652 -0.00070776 -0.00001364 
-21.04802401 -0.00070888 -0.00001368 
-21.02301151 -0.00071004 -0.00001372 
-20.99799900 -0.00071118 -0.00001376 
-20.97298649 -0.00071234 -0.00001382 
-20.94797399 -0.00071348 -0.00001386 
-20.92296148 -0.00071464 -0.00001390 
-20.89794897 -0.00071580 -0.00001394 
-20.87293647 -0.00071696 -0.00001400 
-20.84792396 -0.00071814 -0.00001404 
-20.82291146 -0.00071932 -0.00001408 
-20.79789895 -0.00072048 -0.00001414 
-20.77288644 -0.00072166 -0.00001418 
-20.74787394 -0.00072284 -0.00001422 
-20.72286143 -0.00072402 -0.00001428 
-20.69784892 -0.00072522 -0.00001430 
-20.67283642 -0.00072642 -0.00001436 
-20.64782391 -0.00072760 -0.00001442 
-20.62281141 -0.00072882 -0.00001444 
-20.59779890 -0.00073002 -0.00001450 
-20.57278639 -0.00073122 -0.00001456 
-20.54777389 -0.00073244 -0.00001460 
-20.52276138 -0.00073366 -0.00001464 
-20.49774887 -0.00073488 -0.00001468 
-20.47273637 -0.00073610 -0.00001474 
-20.44772386 -0.00073734 -0.00001478 
-20.42271136 -0.00073858 -0.00001484 
-20.39769885 -0.00073980 -0.00001488 
-20.37268634 -0.00074104 -0.00001494 
-20.34767384 -0.00074230 -0.00001498 
-20.32266133 -0.00074354 -0.00001504 
-20.29764882 -0.00074480 -0.00001508 
-20.27263632 -0.00074606 -0.00001512 
-20.24762381 -0.00074732 -0.00001520 
-20.22261131 -0.00074858 -0.00001524 
-20.19759880 -0.00074986 -0.00001528 
-20.17258629 -0.00075114 -0.00001534 
-20.14757379 -0.00075242 -0.00001538 
-20.12256128 -0.00075370 -0.00001546 
-20.09754877 -0.00075500 -0.00001550 
-20.07253627 -0.00075628 -0.00001554 
-20.04752376 -0.00075758 -0.00001560 
-20.02251126 -0.00075890 -0.00001564 
-19.99749875 -0.00076018 -0.00001570 
-19.97248624 -0.00076150 -0.00001576 
-19.94747374 -0.00076282 -0.00001582 
-19.92246123 -0.00076414 -0.00001588 
-19.89744872 -0.00076546 -0.00001592 
-19.87243622 -0.00076680 -0.00001598 
-19.84742371 -0.00076814 -0.00001602 
-19.82241121 -0.00076946 -0.00001610 
-19.79739870 -0.00077080 -0.00001614 
-19.77238619 -0.00077216 -0.00001620 
-19.74737369 -0.00077350 -0.00001626 
-19.72236118 -0.00077486 -0.00001630 
-19.69734867 -0.00077624 -0.00001638 
-19.67233617 -0.00077758 -0.00001644 
-19.64732366 -0.00077896 -0.00001648 
-19.62231116 -0.00078034 -0.00001654 
-19.59729865 -0.00078170 -0.00001660 
-19.57228614 -0.00078310 -0.00001666 
-19.54727364 -0.00078450 -0.00001670 
-19.52226113 -0.00078590 -0.00001678 
-19.49724862 -0.00078728 -0.00001684 
-19.47223612 -0.00078870 -0.00001688 
-19.44722361 -0.00079010 -0.00001694 
-19.42221111 -0.00079150 -0.00001700 
-19.39719860 -0.00079294 -0.00001706 
-19.37218609 -0.00079436 -0.00001714 
-19.34717359 -0.00079578 -0.00001718 
-19.32216108 -0.00079722 -0.00001726 
-19.29714857 -0.00079866 -0.00001732 
-19.27213607 -0.00080012 -0.00001738 
-19.24712356 -0.00080156 -0.00001744 
-19.22211106 -0.00080302 -0.00001750 
-19.19709855 -0.00080448 -0.00001756 
-19.17208604 -0.00080594 -0.00001762 
-19.14707354 -0.00080742 -0.00001768 
-19.12206103 -0.00080888 -0.00001774 
-19.09704852 -0.00081036 -0.00001782 
-19.07203602 -0.00081186 -0.00001788 
-19.04702351 -0.00081334 -0.00001796 
-19.02201101 -0.00081484 -0.00001800 
-18.99699850 -0.00081636 -0.00001808 
-18.97198599 -0.00081784 -0.00001814 
-18.94697349 -0.00081936 -0.00001822 
-18.92196098 -0.00082090 -0.00001826 
-18.89694847 -0.00082242 -0.00001836 
-18.87193597 -0.00082394 -0.00001840 
-18.84692346 -0.00082548 -0.00001848 
-18.82191096 -0.00082702 -0.00001856 
-18.79689845 -0.00082858 -0.00001862 
-18.77188594 -0.00083012 -0.00001868 
-18.74687344 -0.00083168 -0.00001876 
-18.72186093 -0.00083324 -0.00001884 
-18.69684842 -0.00083480 -0.00001888 
-18.67183592 -0.00083640 -0.00001896 
-18.64682341 -0.00083798 -0.00001904 
-18.62181091 -0.00083956 -0.00001910 
-18.59679840 -0.00084116 -0.00001918 
-18.57178589 -0.00084276 -0.00001926 
-18.54677339 -0.00084438 -0.00001932 
-18.52176088 -0.00084598 -0.00001940 
-18.49674837 -0.00084760 -0.00001948 
-18.47173587 -0.00084922 -0.00001954 
-18.44672336 -0.00085086 -0.00001962 
-18.42171086 -0.00085250 -0.00001968 
-18.39669835 -0.00085414 -0.00001976 
-18.37168584 -0.00085578 -0.00001984 
-18.34667334 -0.00085744 -0.00001992 
-18.32166083 -0.00085910 -0.00001998 
-18.29664832 -0.00086076 -0.00002008 
-18.27163582 -0.00086244 -0.00002014 
-18.24662331 -0.00086412 -0.00002022 
-18.22161081 -0.00086582 -0.00002030 
-18.19659830 -0.00086752 -0.00002038 
-18.17158579 -0.00086922 -0.00002046 
-18.14657329 -0.00087090 -0.00002054 
-18.12156078 -0.00087262 -0.00002062 
-18.09654827 -0.00087436 -0.00002070 
-18.07153577 -0.00087608 -0.00002078 
-18.04652326 -0.00087780 -0.00002086 
-18.02151076 -0.00087954 -0.00002096 
-17.99649825 -0.00088130 -0.00002102 
-17.97148574 -0.00088306 -0.00002110 
-17.94647324 -0.00088480 -0.00002118 
-17.92146073 -0.00088660 -0.00002126 
-17.89644822 -0.00088836 -0.00002136 
-17.87143572 -0.00089014 -0.00002144 
-17.84642321 -0.00089192 -0.00002152 
-17.82141071 -0.00089374 -0.00002162 
-17.79639820 -0.00089552 -0.00002170 
-17.77138569 -0.00089734 -0.00002178 
-17.74637319 -0.00089916 -0.00002188 
-17.72136068 -0.00090098 -0.00002196 
-17.69634817 -0.00090282 -0.00002206 
-17.67133567 -0.00090464 -0.00002212 
-17.64632316 -0.00090650 -0.00002222 
-17.62131066 -0.00090836 -0.00002232 
-17.59629815 -0.00091024 -0.00002240 
-17.57128564 -0.00091210 -0.00002250 
-17.54627314 -0.00091398 -0.00002260 
-17.52126063 -0.00091586 -0.00002268 
-17.49624812 -0.00091776 -0.00002278 
-17.47123562 -0.00091964 -0.00002286 
-17.44622311 -0.00092154 -0.00002296 
-17.42121061 -0.00092348 -0.00002306 
-17.39619810 -0.00092540 -0.00002316 
-17.37118559 -0.00092732 -0.00002324 
-17.34617309 -0.00092926 -0.00002334 
-17.32116058 -0.00093122 -0.00002342 
-17.29614807 -0.00093316 -0.00002354 
-17.27113557 -0.00093514 -0.00002364 
-17.24612306 -0.00093712 -0.00002374 
-17.22111056 -0.00093908 -0.00002384 
-17.19609805 -0.00094108 -0.00002394 
-17.17108554 -0.00094306 -0.00002404 
-17.14607304 -0.00094506 -0.00002412 
-17.12106053 -0.00094710 -0.00002422 
-17.09604802 -0.00094912 -0.00002434 
-17.07103552 -0.00095116 -0.00002442 
-17.04602301 -0.00095318 -0.00002454 
-17.02101051 -0.00095524 -0.00002464 
-16.99599800 -0.00095728 -0.00002476 
-16.97098549 -0.00095936 -0.00002484 
-16.94597299 -0.00096144 -0.00002496 
-16.92096048 -0.00096350 -0.00002506 
-16.89594797 -0.00096560 -0.00002518 
-16.87093547 -0.00096770 -0.00002528 
-16.84592296 -0.00096982 -0.00002540 
-16.82091046 -0.00097192 -0.00002550 
-16.79589795 -0.00097406 -0.00002560 
-16.77088544 -0.00097618 -0.00002572 
-16.74587294 -0.00097834 -0.00002582 
-16.72086043 -0.00098050 -0.00002594 
-16.69584792 -0.00098266 -0.00002606 
-16.67083542 -0.00098484 -0.00002618 
-16.64582291 -0.00098702 -0.00002628 
-16.62081041 -0.00098922 -0.00002640 
-16.59579790 -0.00099142 -0.00002652 
-16.57078539 -0.00099364 -0.00002664 
-16.54577289 -0.00099586 -0.00002676 
-16.52076038 -0.00099808 -0.00002686 
-16.49574787 -0.00100032 -0.00002698 
-16.47073537 -0.00100258 -0.00002710 
-16.44572286 -0.00100484 -0.00002722 
-16.42071036 -0.00100712 -0.00002736 
-16.39569785 -0.00100940 -0.00002748 
-16.37068534 -0.00101170 -0.00002760 
-16.34567284 -0.00101400 -0.00002772 
-16.32066033 -0.00101630 -0.00002784 
-16.29564782 -0.00101862 -0.00002796 
-16.27063532 -0.00102096 -0.00002810 
-16.24562281 -0.00102330 -0.00002822 
-16.22061031 -0.00102566 -0.00002834 
-16.19559780 -0.00102804 -0.00002848 
-16.17058529 -0.00103040 -0.00002860 
-16.14557279 -0.00103278 -0.00002876 
-16.12056028 -0.00103518 -0.00002888 
-16.09554777 -0.00103760 -0.00002902 
-16.07053527 -0.00104002 -0.00002914 
-16.04552276 -0.00104246 -0.00002928 
-16.02051026 -0.00104490 -0.00002942 
-15.99549775 -0.00104734 -0.00002954 
-15.97048524 -0.00104980 -0.00002968 
-15.94547274 -0.00105230 -0.00002982 
-15.92046023 -0.00105478 -0.00002996 
-15.89544772 -0.00105728 -0.00003010 
-15.87043522 -0.00105980 -0.00003026 
-15.84542271 -0.00106230 -0.00003038 
-15.82041021 -0.00106484 -0.00003052 
-15.79539770 -0.00106740 -0.00003068 
-15.77038519 -0.00106994 -0.00003082 
-15.74537269 -0.00107254 -0.00003096 
-15.72036018 -0.00107512 -0.00003110 
-15.69534767 -0.00107770 -0.00003126 
-15.67033517 -0.00108032 -0.00003140 
-15.64532266 -0.00108292 -0.00003156 
-15.62031016 -0.00108556 -0.00003170 
-15.59529765 -0.00108822 -0.00003186 
-15.57028514 -0.00109086 -0.00003200 
-15.54527264 -0.00109354 -0.00003216 
-15.52026013 -0.00109622 -0.00003232 
-15.49524762 -0.00109894 -0.00003248 
-15.47023512 -0.00110164 -0.00003264 
-15.44522261 -0.00110436 -0.00003280 
-15.42021011 -0.00110708 -0.00003296 
-15.39519760 -0.00110984 -0.00003312 
-15.37018509 -0.00111260 -0.00003328 
-15.34517259 -0.00111540 -0.00003344 
-15.32016008 -0.00111818 -0.00003360 
-15.29514757 -0.00112098 -0.00003378 
-15.27013507 -0.00112380 -0.00003394 
-15.24512256 -0.00112664 -0.00003412 
-15.22011006 -0.00112946 -0.00003428 
-15.19509755 -0.00113234 -0.00003446 
-15.17008504 -0.00113522 -0.00003464 
-15.14507254 -0.00113810 -0.00003480 
-15.12006003 -0.00114100 -0.00003498 
-15.09504752 -0.00114392 -0.00003516 
-15.07003502 -0.00114686 -0.00003534 
-15.04502251 -0.00114980 -0.00003550 
-15.02001001 -0.00115278 -0.00003568 
-14.99499750 -0.00115574 -0.00003588 
-14.96998499 -0.00115874 -0.00003606 
-14.94497249 -0.00116176 -0.00003626 
-14.91995998 -0.00116478 -0.00003642 
-14.89494747 -0.00116780 -0.00003662 
-14.86993497 -0.00117088 -0.00003680 
-14.84492246 -0.00117394 -0.00003698 
-14.81990995 -0.00117702 -0.00003720 
-14.79489745 -0.00118012 -0.00003738 
-14.76988494 -0.00118324 -0.00003758 
-14.74487244 -0.00118638 -0.00003776 
-14.71985993 -0.00118952 -0.00003796 
-14.69484742 -0.00119270 -0.00003818 
-14.66983492 -0.00119588 -0.00003836 
-14.64482241 -0.00119910 -0.00003858 
-14.61980990 -0.00120232 -0.00003878 
-14.59479740 -0.00120554 -0.00003900 
-14.56978489 -0.00120880 -0.00003918 
-14.54477239 -0.00121206 -0.00003940 
-14.51975988 -0.00121534 -0.00003960 
-14.49474737 -0.00121864 -0.00003982 
-14.46973487 -0.00122196 -0.00004004 
-14.44472236 -0.00122532 -0.00004026 
-14.41970985 -0.00122868 -0.00004046 
-14.39469735 -0.00123204 -0.00004068 
-14.36968484 -0.00123544 -0.00004092 
-14.34467234 -0.00123886 -0.00004114 
-14.31965983 -0.00124228 -0.00004136 
-14.29464732 -0.00124574 -0.00004158 
-14.26963482 -0.00124922 -0.00004182 
-14.24462231 -0.00125270 -0.00004204 
-14.21960980 -0.00125620 -0.00004228 
-14.19459730 -0.00125974 -0.00004250 
-14.16958479 -0.00126328 -0.00004274 
-14.14457229 -0.00126686 -0.00004298 
-14.11955978 -0.00127044 -0.00004322 
-14.09454727 -0.00127404 -0.00004348 
-14.06953477 -0.00127766 -0.00004370 
-14.04452226 -0.00128130 -0.00004396 
-14.01950975 -0.00128496 -0.00004420 
-13.99449725 -0.00128866 -0.00004446 
-13.96948474 -0.00129238 -0.00004470 
-13.94447224 -0.00129610 -0.00004496 
-13.91945973 -0.00129986 -0.00004522 
-13.89444722 -0.00130364 -0.00004548 
-13.86943472 -0.00130742 -0.00004574 
-13.84442221 -0.00131122 -0.00004600 
-13.81940970 -0.00131508 -0.00004626 
-13.79439720 -0.00131892 -0.00004654 
-13.76938469 -0.00132282 -0.00004680 
-13.74437219 -0.00132670 -0.00004708 
-13.71935968 -0.00133066 -0.00004736 
-13.69434717 -0.00133460 -0.00004762 
-13.66933467 -0.00133856 -0.00004792 
-13.64432216 -0.00134258 -0.00004820 
-13.61930965 -0.00134658 -0.00004848 
-13.59429715 -0.00135062 -0.00004876 
-13.56928464 -0.00135470 -0.00004904 
-13.54427214 -0.00135878 -0.00004934 
-13.51925963 -0.00136290 -0.00004964 
-13.49424712 -0.00136704 -0.00004994 
-13.46923462 -0.00137120 -0.00005024 
-13.44422211 -0.00137540 -0.00005054 
-13.41920960 -0.00137960 -0.00005086 
-13.39419710 -0.00138386 -0.00005114 
-13.36918459 -0.00138812 -0.00005146 
-13.34417209 -0.00139242 -0.00005178 
-13.31915958 -0.00139674 -0.00005210 
-13.29414707 -0.00140108 -0.00005242 
-13.26913457 -0.00140546 -0.00005274 
-13.24412206 -0.00140984 -0.00005306 
-13.21910955 -0.00141428 -0.00005340 
-13.19409705 -0.00141872 -0.00005374 
-13.16908454 -0.00142322 -0.00005406 
-13.14407204 -0.00142772 -0.00005440 
-13.11905953 -0.00143226 -0.00005474 
-13.09404702 -0.00143682 -0.00005508 
-13.06903452 -0.00144142 -0.00005542 
-13.04402201 -0.00144604 -0.00005578 
-13.01900950 -0.00145068 -0.00005612 
-12.99399700 -0.00145536 -0.00005650 
-12.96898449 -0.00146008 -0.00005684 
-12.94397199 -0.00146482 -0.00005720 
-12.91895948 -0.00146958 -0.00005758 
-12.89394697 -0.00147438 -0.00005796 
-12.86893447 -0.00147922 -0.00005832 
-12.84392196 -0.00148410 -0.00005872 
-12.81890945 -0.00148898 -0.00005908 
-12.79389695 -0.00149392 -0.00005946 
-12.76888444 -0.00149888 -0.00005988 
-12.74387194 -0.00150388 -0.00006026 
-12.71885943 -0.00150890 -0.00006064 
-12.69384692 -0.00151396 -0.00006106 
-12.66883442 -0.00151904 -0.00006146 
-12.64382191 -0.00152418 -0.00006186 
-12.61880940 -0.00152932 -0.00006228 
-12.59379690 -0.00153452 -0.00006270 
-12.56878439 -0.00153976 -0.00006312 
-12.54377189 -0.00154502 -0.00006356 
-12.51875938 -0.00155030 -0.00006398 
-12.49374687 -0.00155566 -0.00006442 
-12.46873437 -0.00156102 -0.00006486 
-12.44372186 -0.00156642 -0.00006530 
-12.41870935 -0.00157188 -0.00006574 
-12.39369685 -0.00157734 -0.00006620 
-12.36868434 -0.00158288 -0.00006664 
-12.34367184 -0.00158842 -0.00006712 
-12.31865933 -0.00159402 -0.00006758 
-12.29364682 -0.00159966 -0.00006806 
-12.26863432 -0.00160532 -0.00006852 
-12.24362181 -0.00161106 -0.00006900 
-12.21860930 -0.00161680 -0.00006950 
-12.19359680 -0.00162260 -0.00006998 
-12.16858429 -0.00162844 -0.00007048 
-12.14357179 -0.00163430 -0.00007098 
-12.11855928 -0.00164022 -0.00007150 
-12.09354677 -0.00164618 -0.00007200 
-12.06853427 -0.00165218 -0.00007252 
-12.04352176 -0.00165822 -0.00007304 
-12.01850925 -0.00166430 -0.00007358 
-11.99349675 -0.00167046 -0.00007410 
-11.96848424 -0.00167664 -0.00007464 
-11.94347174 -0.00168284 -0.00007520 
-11.91845923 -0.00168910 -0.00007574 
-11.89344672 -0.00169544 -0.00007630 
-11.86843422 -0.00170180 -0.00007688 
-11.84342171 -0.00170820 -0.00007744 
-11.81840920 -0.00171464 -0.00007802 
-11.79339670 -0.00172116 -0.00007860 
-11.76838419 -0.00172772 -0.00007920 
-11.74337169 -0.00173430 -0.00007980 
-11.71835918 -0.00174096 -0.00008040 
-11.69334667 -0.00174766 -0.00008100 
-11.66833417 -0.00175442 -0.00008162 
-11.64332166 -0.00176120 -0.00008224 
-11.61830915 -0.00176806 -0.00008286 
-11.59329665 -0.00177498 -0.00008352 
-11.56828414 -0.00178192 -0.00008416 
-11.54327164 -0.00178896 -0.00008480 
-11.51825913 -0.00179602 -0.00008546 
-11.49324662 -0.00180314 -0.00008614 
-11.46823412 -0.00181032 -0.00008682 
-11.44322161 -0.00181756 -0.00008750 
-11.41820910 -0.00182484 -0.00008820 
-11.39319660 -0.00183220 -0.00008890 
-11.36818409 -0.00183960 -0.00008960 
-11.34317159 -0.00184708 -0.00009032 
-11.31815908 -0.00185458 -0.00009104 
-11.29314657 -0.00186218 -0.00009178 
-11.26813407 -0.00186982 -0.00009254 
-11.24312156 -0.00187754 -0.00009326 
-11.21810905 -0.00188530 -0.00009404 
-11.19309655 -0.00189314 -0.00009482 
-11.16808404 -0.00190104 -0.00009558 
-11.14307154 -0.00190900 -0.00009638 
-11.11805903 -0.00191702 -0.00009716 
-11.09304652 -0.00192514 -0.00009798 
-11.06803402 -0.00193330 -0.00009882 
-11.04302151 -0.00194154 -0.00009964 
-11.01800900 -0.00194984 -0.00010048 
-10.99299650 -0.00195820 -0.00010132 
-10.96798399 -0.00196662 -0.00010220 
-10.94297149 -0.00197516 -0.00010306 
-10.91795898 -0.00198374 -0.00010394 
-10.89294647 -0.00199238 -0.00010484 
-10.86793397 -0.00200112 -0.00010576 
-10.84292146 -0.00200992 -0.00010666 
-10.81790895 -0.00201882 -0.00010758 
-10.79289645 -0.00202776 -0.00010854 
-10.76788394 -0.00203682 -0.00010950 
-10.74287144 -0.00204592 -0.00011046 
-10.71785893 -0.00205512 -0.00011144 
-10.69284642 -0.00206440 -0.00011244 
-10.66783392 -0.00207376 -0.00011344 
-10.64282141 -0.00208320 -0.00011446 
-10.61780890 -0.00209276 -0.00011548 
-10.59279640 -0.00210236 -0.00011654 
-10.56778389 -0.00211206 -0.00011760 
-10.54277139 -0.00212186 -0.00011866 
-10.51775888 -0.00213174 -0.00011976 
-10.49274637 -0.00214170 -0.00012086 
-10.46773387 -0.00215176 -0.00012200 
-10.44272136 -0.00216192 -0.00012312 
-10.41770885 -0.00217218 -0.00012428 
-10.39269635 -0.00218252 -0.00012544 
-10.36768384 -0.00219294 -0.00012662 
-10.34267134 -0.00220350 -0.00012782 
-10.31765883 -0.00221414 -0.00012904 
-10.29264632 -0.00222488 -0.00013028 
-10.26763382 -0.00223572 -0.00013152 
-10.24262131 -0.00224666 -0.00013280 
-10.21760880 -0.00225772 -0.00013408 
-10.19259630 -0.00226886 -0.00013538 
-10.16758379 -0.00228014 -0.00013672 
-10.14257129 -0.00229152 -0.00013806 
-10.11755878 -0.00230300 -0.00013944 
-10.09254627 -0.00231462 -0.00014080 
-10.06753377 -0.00232634 -0.00014220 
-10.04252126 -0.00233816 -0.00014364 
-10.01750875 -0.00235010 -0.00014510 
 -9.99249625 -0.00236216 -0.00014656 
 -9.96748374 -0.00237436 -0.00014804 
 -9.94247124 -0.00238668 -0.00014958 
 -9.91745873 -0.00239912 -0.00015112 
 -9.89244622 -0.00241168 -0.00015266 
 -9.86743372 -0.00242438 -0.00015424 
 -9.84242121 -0.00243722 -0.00015586 
 -9.81740870 -0.00245018 -0.00015748 
 -9.79239620 -0.00246326 -0.00015916 
 -9.76738369 -0.00247650 -0.00016084 
 -9.74237119 -0.00248988 -0.00016256 
 -9.71735868 -0.00250338 -0.00016428 
 -9.69234617 -0.00251706 -0.00016606 
 -9.66733367 -0.00253086 -0.00016786 
 -9.64232116 -0.00254482 -0.00016968 
 -9.61730865 -0.00255890 -0.00017152 
 -9.59229615 -0.00257316 -0.00017342 
 -9.56728364 -0.00258758 -0.00017532 
 -9.54227114 -0.00260216 -0.00017728 
 -9.51725863 -0.00261688 -0.00017926 
 -9.49224612 -0.00263180 -0.00018126 
 -9.46723362 -0.00264686 -0.00018332 
 -9.44222111 -0.00266208 -0.00018538 
 -9.41720860 -0.00267748 -0.00018752 
 -9.39219610 -0.00269306 -0.00018966 
 -9.36718359 -0.00270880 -0.00019186 
 -9.34217109 -0.00272476 -0.00019408 
 -9.31715858 -0.00274086 -0.00019634 
 -9.29214607 -0.00275718 -0.00019864 
 -9.26713357 -0.00277368 -0.00020098 
 -9.24212106 -0.00279036 -0.00020336 
 -9.21710855 -0.00280724 -0.00020580 
 -9.19209605 -0.00282432 -0.00020826 
 -9.16708354 -0.00284162 -0.00021078 
 -9.14207104 -0.00285912 -0.00021334 
 -9.11705853 -0.00287682 -0.00021592 
 -9.09204602 -0.00289474 -0.00021858 
 -9.06703352 -0.00291288 -0.00022128 
 -9.04202101 -0.00293124 -0.00022404 
 -9.01700850 -0.00294984 -0.00022684 
 -8.99199600 -0.00296866 -0.00022968 
 -8.96698349 -0.00298772 -0.00023260 
 -8.94197099 -0.00300700 -0.00023556 
 -8.91695848 -0.00302654 -0.00023856 
 -8.89194597 -0.00304632 -0.00024164 
 -8.86693347 -0.00306636 -0.00024476 
 -8.84192096 -0.00308664 -0.00024794 
 -8.81690845 -0.00310722 -0.00025120 
 -8.79189595 -0.00312802 -0.00025452 
 -8.76688344 -0.00314914 -0.00025790 
 -8.74187094 -0.00317050 -0.00026136 
 -8.71685843 -0.00319216 -0.00026486 
 -8.69184592 -0.00321410 -0.00026844 
 -8.66683342 -0.00323636 -0.00027212 
 -8.64182091 -0.00325890 -0.00027584 
 -8.61680840 -0.00328174 -0.00027964 
 -8.59179590 -0.00330490 -0.00028354 
 -8.56678339 -0.00332838 -0.00028748 
 -8.54177089 -0.00335218 -0.00029154 
 -8.51675838 -0.00337630 -0.00029568 
 -8.49174587 -0.00340080 -0.00029988 
 -8.46673337 -0.00342562 -0.00030420 
 -8.44172086 -0.00345076 -0.00030860 
 -8.41670835 -0.00347632 -0.00031308 
 -8.39169585 -0.00350220 -0.00031768 
 -8.36668334 -0.00352848 -0.00032236 
 -8.34167084 -0.00355514 -0.00032714 
 -8.31665833 -0.00358220 -0.00033204 
 -8.29164582 -0.00360962 -0.00033704 
 -8.26663332 -0.00363750 -0.00034216 
 -8.24162081 -0.00366578 -0.00034738 
 -8.21660830 -0.00369446 -0.00035272 
 -8.19159580 -0.00372360 -0.00035820 
 -8.16658329 -0.00375318 -0.00036378 
 -8.14157079 -0.00378324 -0.00036950 
 -8.11655828 -0.00381374 -0.00037536 
 -8.09154577 -0.00384474 -0.00038136 
 -8.06653327 -0.00387620 -0.00038748 
 -8.04152076 -0.00390818 -0.00039374 
 -8.01650825 -0.00394066 -0.00040016 
 -7.99149575 -0.00397366 -0.00040676 
 -7.96648324 -0.00400722 -0.00041350 
 -7.94147074 -0.00404130 -0.00042040 
 -7.91645823 -0.00407594 -0.00042744 
 -7.89144572 -0.00411116 -0.00043470 
 -7.86643322 -0.00414698 -0.00044212 
 -7.84142071 -0.00418340 -0.00044972 
 -7.81640820 -0.00422044 -0.00045752 
 -7.79139570 -0.00425810 -0.00046552 
 -7.76638319 -0.00429640 -0.00047372 
 -7.74137069 -0.00433540 -0.00048214 
 -7.71635818 -0.00437504 -0.00049078 
 -7.69134567 -0.00441540 -0.00049964 
 -7.66633317 -0.00445646 -0.00050872 
 -7.64132066 -0.00449828 -0.00051804 
 -7.61630815 -0.00454084 -0.00052764 
 -7.59129565 -0.00458420 -0.00053746 
 -7.56628314 -0.00462832 -0.00054756 
 -7.54127064 -0.00467326 -0.00055796 
 -7.51625813 -0.00471906 -0.00056862 
 -7.49124562 -0.00476568 -0.00057958 
 -7.46623312 -0.00481322 -0.00059084 
 -7.44122061 -0.00486166 -0.00060242 
 -7.41620810 -0.00491102 -0.00061432 
 -7.39119560 -0.00496134 -0.00062658 
 -7.36618309 -0.00501266 -0.00063918 
 -7.34117059 -0.00506500 -0.00065216 
 -7.31615808 -0.00511836 -0.00066548 
 -7.29114557 -0.00517280 -0.00067924 
 -7.26613307 -0.00522834 -0.00069338 
 -7.24112056 -0.00528502 -0.00070792 
 -7.21610805 -0.00534286 -0.00072292 
 -7.19109555 -0.00540190 -0.00073840 
 -7.16608304 -0.00546218 -0.00075432 
 -7.14107054 -0.00552374 -0.00077074 
 -7.11605803 -0.00558660 -0.00078764 
 -7.09104552 -0.00565084 -0.00080510 
 -7.06603302 -0.00571646 -0.00082308 
 -7.04102051 -0.00578352 -0.00084164 
 -7.01600800 -0.00585206 -0.00086078 
 -6.99099550 -0.00592216 -0.00088054 
 -6.96598299 -0.00599380 -0.00090092 
 -6.94097049 -0.00606708 -0.00092196 
 -6.91595798 -0.00614206 -0.00094368 
 -6.89094547 -0.00621878 -0.00096610 
 -6.86593297 -0.00629728 -0.00098926 
 -6.84092046 -0.00637764 -0.00101320 
 -6.81590795 -0.00645992 -0.00103790 
 -6.79089545 -0.00654418 -0.00106342 
 -6.76588294 -0.00663050 -0.00108980 
 -6.74087044 -0.00671894 -0.00111706 
 -6.71585793 -0.00680958 -0.00114522 
 -6.69084542 -0.00690250 -0.00117432 
 -6.66583292 -0.00699774 -0.00120438 
 -6.64082041 -0.00709546 -0.00123544 
 -6.61580790 -0.00719572 -0.00126756 
 -6.59079540 -0.00729860 -0.00130070 
 -6.56578289 -0.00740420 -0.00133498 
 -6.54077039 -0.00751266 -0.00137034 
 -6.51575788 -0.00762406 -0.00140688 
 -6.49074537 -0.00773852 -0.00144458 
 -6.46573287 -0.00785618 -0.00148346 
 -6.44072036 -0.00797718 -0.00152358 
 -6.41570785 -0.00810168 -0.00156492 
 -6.39069535 -0.00822980 -0.00160748 
 -6.36568284 -0.00836172 -0.00165128 
 -6.34067034 -0.00849766 -0.00169628 
 -6.31565783 -0.00863776 -0.00174248 
 -6.29064532 -0.00878230 -0.00178986 
 -6.26563282 -0.00893150 -0.00183832 
 -6.24062031 -0.00908564 -0.00188782 
 -6.21560780 -0.00924504 -0.00193824 
 -6.19059530 -0.00941002 -0.00198946 
 -6.16558279 -0.00958100 -0.00204134 
 -6.14057029 -0.00975846 -0.00209364 
 -6.11555778 -0.00994288 -0.00214612 
 -6.09054527 -0.01013492 -0.00219850 
 -6.06553277 -0.01033532 -0.00225040 
 -6.04052026 -0.01054492 -0.00230132 
 -6.01550775 -0.01076480 -0.00235084 
 -5.99049525 -0.01099620 -0.00239832 
 -5.96548274 -0.01124066 -0.00244300 
 -5.94047024 -0.01150008 -0.00248414 
 -5.91545773 -0.01177674 -0.00252084 
 -5.89044522 -0.01207346 -0.00255214 
 -5.86543272 -0.01239378 -0.00257698 
 -5.84042021 -0.01274208 -0.00259442 
 -5.81540770 -0.01312372 -0.00260356 
 -5.79039520 -0.01354548 -0.00260382 
 -5.76538269 -0.01401568 -0.00259514 
 -5.74037019 -0.01454456 -0.00257840 
 -5.71535768 -0.01514470 -0.00255594 
 -5.69034517 -0.01583134 -0.00253244 
 -5.66533267 -0.01662260 -0.00251600 
 -5.64032016 -0.01753948 -0.00251976 
 -5.61530765 -0.01860556 -0.00256384 
 -5.59029515 -0.01984576 -0.00267794 
 -5.56528264 -0.02128406 -0.00290414 
 -5.54027014 -0.02293940 -0.00329972 
 -5.51525763 -0.02481966 -0.00393914 
 -5.49024512 -0.02691300 -0.00491406 
 -5.46523262 -0.02917744 -0.00632930 
 -5.44022011 -0.03153018 -0.00829346 
 -5.41520760 -0.03383974 -0.01090256 
 -5.39019510 -0.03592524 -0.01421760 
 -5.36518259 -0.03756706 -0.01823978 
 -5.34017009 -0.03853102 -0.02288982 
 -5.31515758 -0.03860332 -0.02799888 
 -5.29014507 -0.03762978 -0.03331776 
 -5.26513257 -0.03554878 -0.03854454 
 -5.24012006 -0.03240866 -0.04336650 
 -5.21510755 -0.02836378 -0.04750610 
 -5.19009505 -0.02365032 -0.05076002 
 -5.16508254 -0.01854756 -0.05302236 
 -5.14007004 -0.01333550 -0.05428714 
 -5.11505753 -0.00825870 -0.05463272 
 -5.09004502 -0.00350414 -0.05419500 
 -5.06503252  0.00080620 -0.05313820 
 -5.04002001  0.00461074 -0.05163034 
 -5.01500750  0.00789730 -0.04982616 
 -4.98999500  0.01069028 -0.04785728 
 -4.96498249  0.01303814 -0.04582760 
 -4.93996998  0.01500238 -0.04381256 
 -4.91495748  0.01664824 -0.04186108 
 -4.88994497  0.01803694 -0.03999966 
 -4.86493247  0.01922060 -0.03823828 
 -4.83991996  0.02023970 -0.03657708 
 -4.81490745  0.02112352 -0.03501292 
 -4.78989495  0.02189316 -0.03354430 
 -4.76488244  0.02256618 -0.03217416 
 -4.73986993  0.02316134 -0.03090972 
 -4.71485743  0.02370242 -0.02976028 
 -4.68984492  0.02422040 -0.02873328 
 -4.66483242  0.02475364 -0.02783036 
 -4.63981991  0.02534644 -0.02704302 
 -4.61480740  0.02604632 -0.02634910 
 -4.58979490  0.02689960 -0.02570966 
 -4.56478239  0.02794580 -0.02506684 
 -4.53976988  0.02920990 -0.02434346 
 -4.51475738  0.03069300 -0.02344518 
 -4.48974487  0.03236222 -0.02226778 
 -4.46473237  0.03414226 -0.02070998 
 -4.43971986  0.03591246 -0.01869282 
 -4.41470735  0.03751406 -0.01618210 
 -4.38969485  0.03877040 -0.01320820 
 -4.36468234  0.03951796 -0.00987440 
 -4.33966983  0.03964110 -0.00634772 
 -4.31465733  0.03909876 -0.00283120 
 -4.28964482  0.03793284  0.00047464 
 -4.26463232  0.03625530  0.00340832 
 -4.23961981  0.03421988  0.00587070 
 -4.21460730  0.03198908  0.00782968 
 -4.18959480  0.02970732  0.00930944 
 -4.16458229  0.02748552  0.01037166 
 -4.13956978  0.02539698  0.01109624 
 -4.11455728  0.02348114  0.01156640 
 -4.08954477  0.02175034  0.01185930 
 -4.06453227  0.02019718  0.01204132 
 -4.03951976  0.01880022  0.01216646 
 -4.01450725  0.01752842  0.01227582 
 -3.98949475  0.01634406  0.01239732 
 -3.96448224  0.01520558  0.01254552 
 -3.93946973  0.01406988  0.01272102 
 -3.91445723  0.01289546  0.01290962 
 -3.88944472  0.01164606  0.01308168 
 -3.86443222  0.01029594  0.01319226 
 -3.83941971  0.00883608  0.01318284 
 -3.81440720  0.00728140  0.01298628 
 -3.78939470  0.00567684  0.01253568 
 -3.76438219  0.00410024  0.01177800 
 -3.73936968  0.00265798  0.01069036 
 -3.71435718  0.00147162  0.00929510 
 -3.68934467  0.00065606  0.00766768 
 -3.66433217  0.00029370  0.00593216 
 -3.63931966  0.00041334  0.00424302 
 -3.61430715  0.00098060  0.00275790 
 -3.58929465  0.00190392  0.00160962 
 -3.56428214  0.00305238  0.00088618 
 -3.53926963  0.00427870  0.00062266 
 -3.51425713  0.00543998  0.00080414 
 -3.48924462  0.00641246  0.00137510 
 -3.46423212  0.00709988  0.00225086 
 -3.43921961  0.00743704  0.00332850 
 -3.41420710  0.00739026  0.00449592 
 -3.38919460  0.00695654  0.00563950 
 -3.36418209  0.00616202  0.00665006 
 -3.33916958  0.00506078  0.00742856 
 -3.31415708  0.00373336  0.00789262 
 -3.28914457  0.00228430  0.00798460 
 -3.26413207  0.00083564  0.00768138 
 -3.23911956 -0.00048538  0.00700252 
 -3.21410705 -0.00156406  0.00601306 
 -3.18909455 -0.00231758  0.00481642 
 -3.16408204 -0.00270948  0.00353768 
 -3.13906953 -0.00275398  0.00230098 
 -3.11405703 -0.00250812  0.00120808 
 -3.08904452 -0.00205534  0.00032518 
 -3.06403202 -0.00148664 -0.00032032 
 -3.03901951 -0.00088518 -0.00073406 
 -3.01400700 -0.00031724 -0.00094466 
 -2.98899450  0.00017058 -0.00099326 
 -2.96398199  0.00054984 -0.00092536 
 -2.93896948  0.00080686 -0.00078590 
 -2.91395698  0.00093944 -0.00061698 
 -2.88894447  0.00095448 -0.00045724 
 -2.86393197  0.00086722 -0.00034170 
 -2.83891946  0.00070160 -0.00030078 
 -2.81390695  0.00049050 -0.00035800 
 -2.78889445  0.00027520 -0.00052622 
 -2.76388194  0.00010228 -0.00080284 
 -2.73886943  0.00001716 -0.00116658 
 -2.71385693  0.00005548 -0.00157712 
 -2.68884442  0.00023406 -0.00198044 
 -2.66383192  0.00054552 -0.00231818 
 -2.63881941  0.00095854 -0.00253944 
 -2.61380690  0.00142400 -0.00261042 
 -2.58879440  0.00188478 -0.00251910 
 -2.56378189  0.00228512 -0.00227478 
 -2.53876938  0.00257774 -0.00190386 
 -2.51375688  0.00272706 -0.00144444 
 -2.48874437  0.00271008 -0.00094166 
 -2.46373187  0.00251600 -0.00044484 
 -2.43871936  0.00214638 -0.00000568 
 -2.41370685  0.00161612  0.00032316 
 -2.38869435  0.00095568  0.00049084 
 -2.36368184  0.00021276  0.00045314 
 -2.33866933 -0.00054752  0.00017996 
 -2.31365683 -0.00124698 -0.00033636 
 -2.28864432 -0.00180368 -0.00107372 
 -2.26363182 -0.00214558 -0.00197836 
 -2.23861931 -0.00222498 -0.00297038 
 -2.21360680 -0.00202892 -0.00395696 
 -2.18859430 -0.00158140 -0.00484950 
 -2.16358179 -0.00093624 -0.00557914 
 -2.13856928 -0.00016390 -0.00610610 
 -2.11355678  0.00066330 -0.00642054 
 -2.08854427  0.00148264 -0.00653718 
 -2.06353177  0.00224742 -0.00648626 
 -2.03851926  0.00292824 -0.00630488 
 -2.01350675  0.00351070 -0.00603010 
 -1.98849425  0.00399186 -0.00569500 
 -1.96348174  0.00437640 -0.00532668 
 -1.93846923  0.00467336 -0.00494610 
 -1.91345673  0.00489392 -0.00456848 
 -1.88844422  0.00504972 -0.00420436 
 -1.86343172  0.00515196 -0.00386046 
 -1.83841921  0.00521086 -0.00354060 
 -1.81340670  0.00523538 -0.00324652 
 -1.78839420  0.00523318 -0.00297834 
 -1.76338169  0.00521062 -0.00273526 
 -1.73836918  0.00517288 -0.00251584 
 -1.71335668  0.00512412 -0.00231816 
 -1.68834417  0.00506758 -0.00214032 
 -1.66333167  0.00500576 -0.00198032 
 -1.63831916  0.00494054 -0.00183624 
 -1.61330665  0.00487340 -0.00170636 
 -1.58829415  0.00480536 -0.00158910 
 -1.56328164  0.00473726 -0.00148308 
 -1.53826913  0.00466962 -0.00138702 
 -1.51325663  0.00460294 -0.00129982 
 -1.48824412  0.00453748 -0.00122054 
 -1.46323162  0.00447346 -0.00114828 
 -1.43821911  0.00441102 -0.00108228 
 -1.41320660  0.00435024 -0.00102194 
 -1.38819410  0.00429118 -0.00096664 
 -1.36318159  0.00423384 -0.00091586 
 -1.33816908  0.00417828 -0.00086914 
 -1.31315658  0.00412438 -0.00082608 
 -1.28814407  0.00407216 -0.00078634 
 -1.26313157  0.00402160 -0.00074958 
 -1.23811906  0.00397262 -0.00071554 
 -1.21310655  0.00392518 -0.00068394 
 -1.18809405  0.00387920 -0.00065458 
 -1.16308154  0.00383466 -0.00062726 
 -1.13806903  0.00379148 -0.00060176 
 -1.11305653  0.00374964 -0.00057798 
 -1.08804402  0.00370904 -0.00055570 
 -1.06303152  0.00366966 -0.00053488 
 -1.03801901  0.00363144 -0.00051536 
 -1.01300650  0.00359430 -0.00049700 
 -0.98799400  0.00355824 -0.00047976 
 -0.96298149  0.00352320 -0.00046352 
 -0.93796898  0.00348912 -0.00044820 
 -0.91295648  0.00345596 -0.00043378 
 -0.88794397  0.00342372 -0.00042012 
 -0.86293147  0.00339232 -0.00040724 
 -0.83791896  0.00336172 -0.00039500 
 -0.81290645  0.00333192 -0.00038342 
 -0.78789395  0.00330288 -0.00037244 
 -0.76288144  0.00327452 -0.00036200 
 -0.73786893  0.00324688 -0.00035206 
 -0.71285643  0.00321990 -0.00034262 
 -0.68784392  0.00319356 -0.00033360 
 -0.66283142  0.00316784 -0.00032502 
 -0.63781891  0.00314268 -0.00031682 
 -0.61280640  0.00311808 -0.00030900 
 -0.58779390  0.00309404 -0.00030152 
 -0.56278139  0.00307052 -0.00029436 
 -0.53776888  0.00304752 -0.00028752 
 -0.51275638  0.00302498 -0.00028094 
 -0.48774387  0.00300292 -0.00027464 
 -0.46273137  0.00298132 -0.00026858 
 -0.43771886  0.00296012 -0.00026278 
 -0.41270635  0.00293938 -0.00025720 
 -0.38769385  0.00291900 -0.00025182 
 -0.36268134  0.00289906 -0.00024666 
 -0.33766883  0.00287948 -0.00024170 
 -0.31265633  0.00286026 -0.00023690 
 -0.28764382  0.00284138 -0.00023226 
 -0.26263132  0.00282286 -0.00022780 
 -0.23761881  0.00280466 -0.00022350 
 -0.21260630  0.00278680 -0.00021934 
 -0.18759380  0.00276924 -0.00021532 
 -0.16258129  0.00275200 -0.00021142 
 -0.13756878  0.00273504 -0.00020766 
 -0.11255628  0.00271836 -0.00020402 
 -0.08754377  0.00270196 -0.00020050 
 -0.06253127  0.00268582 -0.00019708 
 -0.03751876  0.00266996 -0.00019376 
 -0.01250625  0.00265434 -0.00019056 
  0.01250625  0.00263896 -0.00018742 
  0.03751876  0.00262382 -0.00018438 
  0.06253127  0.00260892 -0.00018146 
  0.08754377  0.00259424 -0.00017860 
  0.11255628  0.00257980 -0.00017582 
  0.13756878  0.00256556 -0.00017312 
  0.16258129  0.00255152 -0.00017050 
  0.18759380  0.00253770 -0.00016794 
  0.21260630  0.00252406 -0.00016544 
  0.23761881  0.00251064 -0.00016302 
  0.26263132  0.00249738 -0.00016066 
  0.28764382  0.00248434 -0.00015836 
  0.31265633  0.00247146 -0.00015612 
  0.33766883  0.00245876 -0.00015394 
  0.36268134  0.00244622 -0.00015180 
  0.38769385  0.00243386 -0.00014972 
  0.41270635  0.00242166 -0.00014768 
  0.43771886  0.00240962 -0.00014570 
  0.46273137  0.00239774 -0.00014376 
  0.48774387  0.00238600 -0.00014184 
  0.51275638  0.00237444 -0.00014000 
  0.53776888  0.00236300 -0.00013820 
  0.56278139  0.00235172 -0.00013642 
  0.58779390  0.00234058 -0.00013470 
  0.61280640  0.00232956 -0.00013300 
  0.63781891  0.00231868 -0.00013134 
  0.66283142  0.00230794 -0.00012972 
  0.68784392  0.00229732 -0.00012812 
  0.71285643  0.00228684 -0.00012656 
  0.73786893  0.00227648 -0.00012504 
  0.76288144  0.00226624 -0.00012354 
  0.78789395  0.00225612 -0.00012208 
  0.81290645  0.00224610 -0.00012066 
  0.83791896  0.00223622 -0.00011924 
  0.86293147  0.00222644 -0.00011786 
  0.88794397  0.00221678 -0.00011652 
  0.91295648  0.00220722 -0.00011518 
  0.93796898  0.00219778 -0.00011388 
  0.96298149  0.00218842 -0.00011260 
  0.98799400  0.00217920 -0.00011134 
  1.01300650  0.00217004 -0.00011012 
  1.03801901  0.00216100 -0.00010890 
  1.06303152  0.00215206 -0.00010770 
  1.08804402  0.00214322 -0.00010654 
  1.11305653  0.00213446 -0.00010540 
  1.13806903  0.00212580 -0.00010428 
  1.16308154  0.00211722 -0.00010316 
  1.18809405  0.00210876 -0.00010208 
  1.21310655  0.00210036 -0.00010098 
  1.23811906  0.00209206 -0.00009994 
  1.26313157  0.00208384 -0.00009890 
  1.28814407  0.00207570 -0.00009790 
  1.31315658  0.00206764 -0.00009688 
  1.33816908  0.00205968 -0.00009590 
  1.36318159  0.00205178 -0.00009492 
  1.38819410  0.00204396 -0.00009396 
  1.41320660  0.00203624 -0.00009302 
  1.43821911  0.00202856 -0.00009208 
  1.46323162  0.00202100 -0.00009118 
  1.48824412  0.00201348 -0.00009028 
  1.51325663  0.00200604 -0.00008938 
  1.53826913  0.00199868 -0.00008854 
  1.56328164  0.00199138 -0.00008766 
  1.58829415  0.00198416 -0.00008682 
  1.61330665  0.00197700 -0.00008598 
  1.63831916  0.00196992 -0.00008516 
  1.66333167  0.00196290 -0.00008436 
  1.68834417  0.00195596 -0.00008356 
  1.71335668  0.00194906 -0.00008276 
  1.73836918  0.00194224 -0.00008198 
  1.76338169  0.00193546 -0.00008122 
  1.78839420  0.00192878 -0.00008046 
  1.81340670  0.00192214 -0.00007970 
  1.83841921  0.00191556 -0.00007898 
  1.86343172  0.00190906 -0.00007826 
  1.88844422  0.00190260 -0.00007752 
  1.91345673  0.00189620 -0.00007684 
  1.93846923  0.00188984 -0.00007614 
  1.96348174  0.00188356 -0.00007544 
  1.98849425  0.00187736 -0.00007476 
  2.01350675  0.00187116 -0.00007410 
  2.03851926  0.00186504 -0.00007342 
  2.06353177  0.00185898 -0.00007278 
  2.08854427  0.00185300 -0.00007212 
  2.11355678  0.00184702 -0.00007150 
  2.13856928  0.00184114 -0.00007086 
  2.16358179  0.00183528 -0.00007024 
  2.18859430  0.00182948 -0.00006962 
  2.21360680  0.00182372 -0.00006902 
  2.23861931  0.00181802 -0.00006840 
  2.26363182  0.00181238 -0.00006782 
  2.28864432  0.00180676 -0.00006722 
  2.31365683  0.00180122 -0.00006666 
  2.33866933  0.00179572 -0.00006608 
  2.36368184  0.00179024 -0.00006552 
  2.38869435  0.00178484 -0.00006496 
  2.41370685  0.00177946 -0.00006438 
  2.43871936  0.00177416 -0.00006384 
  2.46373187  0.00176888 -0.00006332 
  2.48874437  0.00176364 -0.00006276 
  2.51375688  0.00175846 -0.00006224 
  2.53876938  0.00175330 -0.00006170 
  2.56378189  0.00174820 -0.00006120 
  2.58879440  0.00174316 -0.00006070 
  2.61380690  0.00173812 -0.00006018 
  2.63881941  0.00173316 -0.00005968 
  2.66383192  0.00172822 -0.00005918 
  2.68884442  0.00172332 -0.00005868 
  2.71385693  0.00171846 -0.00005820 
  2.73886943  0.00171366 -0.00005772 
  2.76388194  0.00170888 -0.00005724 
  2.78889445  0.00170416 -0.00005676 
  2.81390695  0.00169946 -0.00005628 
  2.83891946  0.00169480 -0.00005582 
  2.86393197  0.00169020 -0.00005538 
  2.88894447  0.00168560 -0.00005492 
  2.91395698  0.00168106 -0.00005446 
  2.93896948  0.00167656 -0.00005402 
  2.96398199  0.00167210 -0.00005358 
  2.98899450  0.00166766 -0.00005314 
  3.01400700  0.00166326 -0.00005270 
  3.03901951  0.00165892 -0.00005228 
  3.06403202  0.00165458 -0.00005186 
  3.08904452  0.00165030 -0.00005144 
  3.11405703  0.00164604 -0.00005100 
  3.13906953  0.00164180 -0.00005060 
  3.16408204  0.00163762 -0.00005018 
  3.18909455  0.00163346 -0.00004980 
  3.21410705  0.00162934 -0.00004938 
  3.23911956  0.00162526 -0.00004898 
  3.26413207  0.00162122 -0.00004858 
  3.28914457  0.00161718 -0.00004818 
  3.31415708  0.00161320 -0.00004780 
  3.33916958  0.00160924 -0.00004742 
  3.36418209  0.00160532 -0.00004702 
  3.38919460  0.00160142 -0.00004664 
  3.41420710  0.00159756 -0.00004626 
  3.43921961  0.00159374 -0.00004590 
  3.46423212  0.00158992 -0.00004552 
  3.48924462  0.00158618 -0.00004516 
  3.51425713  0.00158244 -0.00004480 
  3.53926963  0.00157872 -0.00004444 
  3.56428214  0.00157504 -0.00004406 
  3.58929465  0.00157140 -0.00004370 
  3.61430715  0.00156778 -0.00004336 
  3.63931966  0.00156418 -0.00004300 
  3.66433217  0.00156062 -0.00004266 
  3.68934467  0.00155710 -0.00004232 
  3.71435718  0.00155360 -0.00004196 
  3.73936968  0.00155012 -0.00004162 
  3.76438219  0.00154666 -0.00004128 
  3.78939470  0.00154324 -0.00004094 
  3.81440720  0.00153986 -0.00004062 
  3.83941971  0.00153650 -0.00004028 
  3.86443222  0.00153316 -0.00003994 
  3.88944472  0.00152984 -0.00003962 
  3.91445723  0.00152656 -0.00003930 
  3.93946973  0.00152330 -0.00003898 
  3.96448224  0.00152010 -0.00003864 
  3.98949475  0.00151688 -0.00003832 
  4.01450725  0.00151372 -0.00003800 
  4.03951976  0.00151056 -0.00003768 
  4.06453227  0.00150744 -0.00003738 
  4.08954477  0.00150436 -0.00003706 
  4.11455728  0.00150128 -0.00003676 
  4.13956978  0.00149824 -0.00003644 
  4.16458229  0.00149522 -0.00003612 
  4.18959480  0.00149222 -0.00003584 
  4.21460730  0.00148926 -0.00003554 
  4.23961981  0.00148632 -0.00003524 
  4.26463232  0.00148338 -0.00003494 
  4.28964482  0.00148050 -0.00003462 
  4.31465733  0.00147762 -0.00003432 
  4.33966983  0.00147478 -0.00003404 
  4.36468234  0.00147196 -0.00003374 
  4.38969485  0.00146916 -0.00003346 
  4.41470735  0.00146640 -0.00003316 
  4.43971986  0.00146366 -0.00003286 
  4.46473237  0.00146092 -0.00003258 
  4.48974487  0.00145824 -0.00003230 
  4.51475738  0.00145554 -0.00003200 
  4.53976988  0.00145290 -0.00003172 
  4.56478239  0.00145028 -0.00003142 
  4.58979490  0.00144768 -0.00003116 
  4.61480740  0.00144510 -0.00003088 
  4.63981991  0.00144254 -0.00003060 
  4.66483242  0.00144000 -0.00003030 
  4.68984492  0.00143748 -0.00003004 
  4.71485743  0.00143500 -0.00002976 
  4.73986993  0.00143254 -0.00002948 
  4.76488244  0.00143010 -0.00002920 
  4.78989495  0.00142766 -0.00002892 
  4.81490745  0.00142528 -0.00002866 
  4.83991996  0.00142290 -0.00002838 
  4.86493247  0.00142056 -0.00002812 
  4.88994497  0.00141822 -0.00002784 
  4.91495748  0.00141592 -0.00002756 
  4.93996998  0.00141362 -0.00002732 
  4.96498249  0.00141138 -0.00002704 
  4.98999500  0.00140912 -0.00002676 
  5.01500750  0.00140690 -0.00002650 
  5.04002001  0.00140470 -0.00002624 
  5.06503252  0.00140254 -0.00002598 
  5.09004502  0.00140038 -0.00002572 
  5.11505753  0.00139824 -0.00002544 
  5.14007004  0.00139614 -0.00002518 
  5.16508254  0.00139406 -0.00002490 
  5.19009505  0.00139200 -0.00002466 
  5.21510755  0.00138996 -0.00002438 
  5.24012006  0.00138792 -0.00002412 
  5.26513257  0.00138594 -0.00002386 
  5.29014507  0.00138396 -0.00002360 
  5.31515758  0.00138200 -0.00002334 
  5.34017009  0.00138006 -0.00002308 
  5.36518259  0.00137816 -0.00002282 
  5.39019510  0.00137626 -0.00002254 
  5.41520760  0.00137438 -0.00002230 
  5.44022011  0.00137254 -0.00002204 
  5.46523262  0.00137072 -0.00002176 
  5.49024512  0.00136890 -0.00002150 
  5.51525763  0.00136714 -0.00002124 
  5.54027014  0.00136536 -0.00002100 
  5.56528264  0.00136362 -0.00002074 
  5.59029515  0.00136190 -0.00002048 
  5.61530765  0.00136020 -0.00002022 
  5.64032016  0.00135854 -0.00001996 
  5.66533267  0.00135688 -0.00001970 
  5.69034517  0.00135526 -0.00001944 
  5.71535768  0.00135366 -0.00001918 
  5.74037019  0.00135206 -0.00001890 
  5.76538269  0.00135050 -0.00001866 
  5.79039520  0.00134894 -0.00001840 
  5.81540770  0.00134740 -0.00001812 
  5.84042021  0.00134592 -0.00001786 
  5.86543272  0.00134444 -0.00001760 
  5.89044522  0.00134298 -0.00001734 
  5.91545773  0.00134154 -0.00001708 
  5.94047024  0.00134012 -0.00001682 
  5.96548274  0.00133872 -0.00001656 
  5.99049525  0.00133736 -0.00001630 
  6.01550775  0.00133600 -0.00001602 
  6.04052026  0.00133468 -0.00001576 
  6.06553277  0.00133338 -0.00001550 
  6.09054527  0.00133210 -0.00001522 
  6.11555778  0.00133082 -0.00001494 
  6.14057029  0.00132960 -0.00001468 
  6.16558279  0.00132836 -0.00001442 
  6.19059530  0.00132718 -0.00001414 
  6.21560780  0.00132602 -0.00001388 
  6.24062031  0.00132488 -0.00001358 
  6.26563282  0.00132374 -0.00001332 
  6.29064532  0.00132264 -0.00001304 
  6.31565783  0.00132156 -0.00001278 
  6.34067034  0.00132050 -0.00001250 
  6.36568284  0.00131946 -0.00001222 
  6.39069535  0.00131844 -0.00001194 
  6.41570785  0.00131744 -0.00001164 
  6.44072036  0.00131650 -0.00001136 
  6.46573287  0.00131554 -0.00001110 
  6.49074537  0.00131462 -0.00001080 
  6.51575788  0.00131374 -0.00001052 
  6.54077039  0.00131286 -0.00001022 
  6.56578289  0.00131202 -0.00000994 
  6.59079540  0.00131120 -0.00000964 
  6.61580790  0.00131040 -0.00000934 
  6.64082041  0.00130964 -0.00000906 
  6.66583292  0.00130888 -0.00000876 
  6.69084542  0.00130814 -0.00000846 
  6.71585793  0.00130744 -0.00000816 
  6.74087044  0.00130676 -0.00000786 
  6.76588294  0.00130612 -0.00000754 
  6.79089545  0.00130550 -0.00000726 
  6.81590795  0.00130488 -0.00000692 
  6.84092046  0.00130432 -0.00000662 
  6.86593297  0.00130376 -0.00000630 
  6.89094547  0.00130324 -0.00000600 
  6.91595798  0.00130276 -0.00000568 
  6.94097049  0.00130228 -0.00000534 
  6.96598299  0.00130184 -0.00000504 
  6.99099550  0.00130142 -0.00000470 
  7.01600800  0.00130104 -0.00000438 
  7.04102051  0.00130066 -0.00000404 
  7.06603302  0.00130034 -0.00000370 
  7.09104552  0.00130002 -0.00000336 
  7.11605803  0.00129976 -0.00000302 
  7.14107054  0.00129950 -0.00000268 
  7.16608304  0.00129928 -0.00000232 
  7.19109555  0.00129908 -0.00000198 
  7.21610805  0.00129892 -0.00000164 
  7.24112056  0.00129878 -0.00000128 
  7.26613307  0.00129868 -0.00000092 
  7.29114557  0.00129860 -0.00000054 
  7.31615808  0.00129856 -0.00000018 
  7.34117059  0.00129856  0.00000020 
  7.36618309  0.00129856  0.00000058 
  7.39119560  0.00129860  0.00000094 
  7.41620810  0.00129870  0.00000134 
  7.44122061  0.00129880  0.00000172 
  7.46623312  0.00129894  0.00000212 
  7.49124562  0.00129910  0.00000252 
  7.51625813  0.00129932  0.00000292 
  7.54127064  0.00129956  0.00000334 
  7.56628314  0.00129984  0.00000374 
  7.59129565  0.00130014  0.00000416 
  7.61630815  0.00130048  0.00000458 
  7.64132066  0.00130086  0.00000502 
  7.66633317  0.00130128  0.00000546 
  7.69134567  0.00130174  0.00000588 
  7.71635818  0.00130220  0.00000634 
  7.74137069  0.00130274  0.00000678 
  7.76638319  0.00130330  0.00000726 
  7.79139570  0.00130388  0.00000770 
  7.81640820  0.00130454  0.00000818 
  7.84142071  0.00130520  0.00000866 
  7.86643322  0.00130594  0.00000916 
  7.89144572  0.00130668  0.00000964 
  7.91645823  0.00130748  0.00001014 
  7.94147074  0.00130830  0.00001066 
  7.96648324  0.00130918  0.00001116 
  7.99149575  0.00131010  0.00001168 
  8.01650825  0.00131108  0.00001220 
  8.04152076  0.00131206  0.00001276 
  8.06653327  0.00131314  0.00001330 
  8.09154577  0.00131424  0.00001386 
  8.11655828  0.00131536  0.00001440 
  8.14157079  0.00131656  0.00001498 
  8.16658329  0.00131778  0.00001556 
  8.19159580  0.00131908  0.00001616 
  8.21660830  0.00132040  0.00001676 
  8.24162081  0.00132178  0.00001738 
  8.26663332  0.00132322  0.00001800 
  8.29164582  0.00132470  0.00001864 
  8.31665833  0.00132624  0.00001928 
  8.34167084  0.00132782  0.00001994 
  8.36668334  0.00132946  0.00002060 
  8.39169585  0.00133116  0.00002128 
  8.41670835  0.00133290  0.00002198 
  8.44172086  0.00133472  0.00002270 
  8.46673337  0.00133658  0.00002340 
  8.49174587  0.00133852  0.00002414 
  8.51675838  0.00134050  0.00002488 
  8.54177089  0.00134254  0.00002566 
  8.56678339  0.00134464  0.00002644 
  8.59179590  0.00134682  0.00002722 
  8.61680840  0.00134908  0.00002804 
  8.64182091  0.00135136  0.00002886 
  8.66683342  0.00135374  0.00002970 
  8.69184592  0.00135618  0.00003056 
  8.71685843  0.00135868  0.00003142 
  8.74187094  0.00136128  0.00003234 
  8.76688344  0.00136392  0.00003324 
  8.79189595  0.00136666  0.00003418 
  8.81690845  0.00136946  0.00003514 
  8.84192096  0.00137236  0.00003612 
  8.86693347  0.00137530  0.00003712 
  8.89194597  0.00137836  0.00003812 
  8.91695848  0.00138148  0.00003918 
  8.94197099  0.00138470  0.00004024 
  8.96698349  0.00138800  0.00004134 
  8.99199600  0.00139138  0.00004246 
  9.01700850  0.00139486  0.00004360 
  9.04202101  0.00139842  0.00004478 
  9.06703352  0.00140208  0.00004596 
  9.09204602  0.00140586  0.00004720 
  9.11705853  0.00140974  0.00004846 
  9.14207104  0.00141370  0.00004976 
  9.16708354  0.00141776  0.00005108 
  9.19209605  0.00142194  0.00005244 
  9.21710855  0.00142624  0.00005382 
  9.24212106  0.00143062  0.00005524 
  9.26713357  0.00143512  0.00005672 
  9.29214607  0.00143976  0.00005822 
  9.31715858  0.00144452  0.00005976 
  9.34217109  0.00144940  0.00006136 
  9.36718359  0.00145440  0.00006298 
  9.39219610  0.00145954  0.00006464 
  9.41720860  0.00146482  0.00006636 
  9.44222111  0.00147020  0.00006812 
  9.46723362  0.00147576  0.00006994 
  9.49224612  0.00148146  0.00007180 
  9.51725863  0.00148730  0.00007374 
  9.54227114  0.00149328  0.00007570 
  9.56728364  0.00149944  0.00007774 
  9.59229615  0.00150576  0.00007984 
  9.61730865  0.00151226  0.00008200 
  9.64232116  0.00151890  0.00008422 
  9.66733367  0.00152574  0.00008652 
  9.69234617  0.00153276  0.00008888 
  9.71735868  0.00153996  0.00009132 
  9.74237119  0.00154736  0.00009382 
  9.76738369  0.00155494  0.00009642 
  9.79239620  0.00156274  0.00009910 
  9.81740870  0.00157076  0.00010186 
  9.84242121  0.00157900  0.00010474 
  9.86743372  0.00158746  0.00010768 
  9.89244622  0.00159612  0.00011074 
  9.91745873  0.00160506  0.00011388 
  9.94247124  0.00161422  0.00011716 
  9.96748374  0.00162368  0.00012054 
  9.99249625  0.00163336  0.00012404 
 10.01750875  0.00164332  0.00012766 
 10.04252126  0.00165358  0.00013142 
 10.06753377  0.00166412  0.00013530 
 10.09254627  0.00167496  0.00013934 
 10.11755878  0.00168612  0.00014352 
 10.14257129  0.00169760  0.00014788 
 10.16758379  0.00170942  0.00015236 
 10.19259630  0.00172158  0.00015704 
 10.21760880  0.00173410  0.00016192 
 10.24262131  0.00174700  0.00016698 
 10.26763382  0.00176026  0.00017224 
 10.29264632  0.00177394  0.00017772 
 10.31765883  0.00178804  0.00018342 
 10.34267134  0.00180258  0.00018934 
 10.36768384  0.00181756  0.00019554 
 10.39269635  0.00183300  0.00020198 
 10.41770885  0.00184894  0.00020872 
 10.44272136  0.00186536  0.00021574 
 10.46773387  0.00188232  0.00022306 
 10.49274637  0.00189982  0.00023072 
 10.51775888  0.00191788  0.00023876 
 10.54277139  0.00193656  0.00024714 
 10.56778389  0.00195582  0.00025590 
 10.59279640  0.00197574  0.00026510 
 10.61780890  0.00199634  0.00027472 
 10.64282141  0.00201762  0.00028482 
 10.66783392  0.00203964  0.00029542 
 10.69284642  0.00206242  0.00030658 
 10.71785893  0.00208600  0.00031826 
 10.74287144  0.00211040  0.00033056 
 10.76788394  0.00213566  0.00034352 
 10.79289645  0.00216184  0.00035716 
 10.81790895  0.00218896  0.00037152 
 10.84292146  0.00221710  0.00038670 
 10.86793397  0.00224626  0.00040270 
 10.89294647  0.00227650  0.00041962 
 10.91795898  0.00230790  0.00043752 
 10.94297149  0.00234048  0.00045644 
 10.96798399  0.00237432  0.00047650 
 10.99299650  0.00240946  0.00049780 
 11.01800900  0.00244600  0.00052038 
 11.04302151  0.00248398  0.00054436 
 11.06803402  0.00252348  0.00056988 
 11.09304652  0.00256456  0.00059706 
 11.11805903  0.00260730  0.00062602 
 11.14307154  0.00265182  0.00065694 
 11.16808404  0.00269814  0.00068996 
 11.19309655  0.00274640  0.00072528 
 11.21810905  0.00279668  0.00076310 
 11.24312156  0.00284908  0.00080364 
 11.26813407  0.00290366  0.00084718 
 11.29314657  0.00296058  0.00089400 
 11.31815908  0.00301992  0.00094438 
 11.34317159  0.00308174  0.00099870 
 11.36818409  0.00314620  0.00105736 
 11.39319660  0.00321334  0.00112076 
 11.41820910  0.00328332  0.00118942 
 11.44322161  0.00335614  0.00126390 
 11.46823412  0.00343192  0.00134478 
 11.49324662  0.00351066  0.00143278 
 11.51825913  0.00359240  0.00152870 
 11.54327164  0.00367714  0.00163340 
 11.56828414  0.00376474  0.00174788 
 11.59329665  0.00385510  0.00187324 
 11.61830915  0.00394796  0.00201082 
 11.64332166  0.00404296  0.00216194 
 11.66833417  0.00413958  0.00232828 
 11.69334667  0.00423714  0.00251160 
 11.71835918  0.00433462  0.00271394 
 11.74337169  0.00443078  0.00293750 
 11.76838419  0.00452386  0.00318476 
 11.79339670  0.00461158  0.00345836 
 11.81840920  0.00469106  0.00376118 
 11.84342171  0.00475846  0.00409620 
 11.86843422  0.00480898  0.00446644 
 11.89344672  0.00483648  0.00487464 
 11.91845923  0.00483324  0.00532318 
 11.94347174  0.00478984  0.00581342 
 11.96848424  0.00469478  0.00634512 
 11.99349675  0.00453470  0.00691558 
 12.01850925  0.00429446  0.00751850 
 12.04352176  0.00395816  0.00814262 
 12.06853427  0.00351062  0.00877060 
 12.09354677  0.00293980  0.00937816 
 12.11855928  0.00224032  0.00993454 
 12.14357179  0.00141656  0.01040452 
 12.16858429  0.00048556  0.01075264 
 12.19359680 -0.00052266  0.01094874 
 12.21860930 -0.00156786  0.01097380 
 12.24362181 -0.00260488  0.01082372 
 12.26863432 -0.00359062  0.01050996 
 12.29364682 -0.00449002  0.01005684 
 12.31865933 -0.00527970  0.00949634 
 12.34367184 -0.00594878  0.00886270 
 12.36868434 -0.00649712  0.00818782 
 12.39369685 -0.00693246  0.00749844 
 12.41870935 -0.00726734  0.00681502 
 12.44372186 -0.00751646  0.00615182 
 12.46873437 -0.00769474  0.00551784 
 12.49374687 -0.00781616  0.00491772 
 12.51875938 -0.00789308  0.00435306 
 12.54377189 -0.00793614  0.00382318 
 12.56878439 -0.00795410  0.00332590 
 12.59379690 -0.00795410  0.00285814 
 12.61880940 -0.00794186  0.00241630 
 12.64382191 -0.00792182  0.00199644 
 12.66883442 -0.00789740  0.00159452 
 12.69384692 -0.00787108  0.00120644 
 12.71885943 -0.00784468  0.00082816 
 12.74387194 -0.00781930  0.00045562 
 12.76888444 -0.00779542  0.00008474 
 12.79389695 -0.00777302 -0.00028854 
 12.81890945 -0.00775152 -0.00066834 
 12.84392196 -0.00772970 -0.00105892 
 12.86893447 -0.00770570 -0.00146458 
 12.89394697 -0.00767686 -0.00188978 
 12.91895948 -0.00763966 -0.00233910 
 12.94397199 -0.00758938 -0.00281724 
 12.96898449 -0.00752000 -0.00332884 
 12.99399700 -0.00742376 -0.00387834 
 13.01900950 -0.00729096 -0.00446972 
 13.04402201 -0.00710944 -0.00510606 
 13.06903452 -0.00686422 -0.00578880 
 13.09404702 -0.00653722 -0.00651678 
 13.11905953 -0.00610708 -0.00728498 
 13.14407204 -0.00554924 -0.00808264 
 13.16908454 -0.00483702 -0.00889106 
 13.19409705 -0.00394324 -0.00968122 
 13.21910955 -0.00284362 -0.01041106 
 13.24412206 -0.00152188 -0.01102398 
 13.26913457  0.00002324 -0.01144870 
 13.29414707  0.00176942 -0.01160280 
 13.31915958  0.00366240 -0.01140072 
 13.34417209  0.00561064 -0.01076744 
 13.36918459  0.00748646 -0.00965612 
 13.39419710  0.00913668 -0.00806664 
 13.41920960  0.01040338 -0.00605846 
 13.44422211  0.01115122 -0.00375274 
 13.46923462  0.01129410 -0.00131992 
 13.49424712  0.01081360  0.00104438 
 13.51925963  0.00976404  0.00314940 
 13.54427214  0.00826404  0.00483792 
 13.56928464  0.00647734  0.00600760 
 13.59429715  0.00458764  0.00662278 
 13.61930965  0.00277122  0.00671512 
 13.64432216  0.00117198  0.00637332 
 13.66933467 -0.00011672  0.00572298 
 13.69434717 -0.00105876  0.00490142 
 13.71935968 -0.00166968  0.00403346 
 13.74437219 -0.00200166  0.00321450 
 13.76938469 -0.00212484  0.00250424 
 13.79439720 -0.00211092  0.00192894 
 13.81940970 -0.00202238  0.00148958 
 13.84442221 -0.00190760  0.00117110 
 13.86943472 -0.00180056  0.00095030 
 13.89444722 -0.00172260  0.00080124 
 13.91945973 -0.00168520  0.00069842 
 13.94447224 -0.00169224  0.00061820 
 13.96948474 -0.00174154  0.00053934 
 13.99449725 -0.00182556  0.00044356 
 14.01950975 -0.00193210  0.00031640 
 14.04452226 -0.00204496  0.00014846 
 14.06953477 -0.00214560 -0.00006300 
 14.09454727 -0.00221552 -0.00031328 
 14.11955978 -0.00223966 -0.00059024 
 14.14457229 -0.00220940 -0.00087664 
 14.16958479 -0.00212428 -0.00115328 
 14.19459730 -0.00199182 -0.00140324 
 14.21960980 -0.00182530 -0.00161496 
 14.24462231 -0.00164042 -0.00178388 
 14.26963482 -0.00145188 -0.00191202 
 14.29464732 -0.00127096 -0.00200626 
 14.31965983 -0.00110462 -0.00207616 
 14.34467234 -0.00095526 -0.00213180 
 14.36968484 -0.00082176 -0.00218232 
 14.39469735 -0.00070018 -0.00223510 
 14.41970985 -0.00058490 -0.00229538 
 14.44472236 -0.00046910 -0.00236632 
 14.46973487 -0.00034538 -0.00244886 
 14.49474737 -0.00020598 -0.00254174 
 14.51975988 -0.00004322 -0.00264132 
 14.54477239  0.00015010 -0.00274132 
 14.56978489  0.00037992 -0.00283258 
 14.59479740  0.00064978 -0.00290292 
 14.61980990  0.00095944 -0.00293758 
 14.64482241  0.00130342 -0.00292020 
 14.66983492  0.00166950 -0.00283490 
 14.69484742  0.00203846 -0.00266930 
 14.71985993  0.00238508 -0.00241798 
 14.74487244  0.00268134 -0.00208538 
 14.76988494  0.00290104 -0.00168730 
 14.79489745  0.00302508 -0.00124944 
 14.81990995  0.00304560 -0.00080342 
 14.84492246  0.00296744 -0.00038120 
 14.86993497  0.00280670 -0.00000924 
 14.89494747  0.00258650  0.00029510 
 14.91995998  0.00233220  0.00052488 
 14.94497249  0.00206702  0.00068220 
 14.96998499  0.00180930  0.00077562 
 14.99499750  0.00157146  0.00081702 
 15.02001001  0.00136050  0.00081898 
 15.04502251  0.00117904  0.00079318 
 15.07003502  0.00102656  0.00074934 
 15.09504752  0.00090084  0.00069514 
 15.12006003  0.00079866  0.00063614 
 15.14507254  0.00071654  0.00057628 
 15.17008504  0.00065114  0.00051806 
 15.19509755  0.00059946  0.00046308 
 15.22011006  0.00055884  0.00041218 
 15.24512256  0.00052708  0.00036574 
 15.27013507  0.00050236  0.00032378 
 15.29514757  0.00048320  0.00028614 
 15.32016008  0.00046840  0.00025258 
 15.34517259  0.00045704  0.00022276 
 15.37018509  0.00044834  0.00019632 
 15.39519760  0.00044170  0.00017294 
 15.42021011  0.00043668  0.00015228 
 15.44522261  0.00043290  0.00013404 
 15.47023512  0.00043006  0.00011792 
 15.49524762  0.00042794  0.00010370 
 15.52026013  0.00042638  0.00009114 
 15.54527264  0.00042522  0.00008004 
 15.57028514  0.00042438  0.00007024 
 15.59529765  0.00042376  0.00006156 
 15.62031016  0.00042330  0.00005388 
 15.64532266  0.00042296  0.00004708 
 15.67033517  0.00042268  0.00004106 
 15.69534767  0.00042244  0.00003570 
 15.72036018  0.00042224  0.00003094 
 15.74537269  0.00042202  0.00002672 
 15.77038519  0.00042182  0.00002298 
 15.79539770  0.00042162  0.00001964 
 15.82041021  0.00042138  0.00001666 
 15.84542271  0.00042112  0.00001402 
 15.87043522  0.00042082  0.00001168 
 15.89544772  0.00042052  0.00000956 
 15.92046023  0.00042018  0.00000770 
 15.94547274  0.00041982  0.00000602 
 15.97048524  0.00041944  0.00000454 
 15.99549775  0.00041902  0.00000322 
 16.02051026  0.00041860  0.00000204 
 16.04552276  0.00041814  0.00000098 
 16.07053527  0.00041768  0.00000006 
 16.09554777  0.00041718 -0.00000078 
 16.12056028  0.00041666 -0.00000150 
 16.14557279  0.00041616 -0.00000218 
 16.17058529  0.00041562 -0.00000276 
 16.19559780  0.00041508 -0.00000328 
 16.22061031  0.00041452 -0.00000372 
 16.24562281  0.00041396 -0.00000412 
 16.27063532  0.00041340 -0.00000448 
 16.29564782  0.00041284 -0.00000480 
 16.32066033  0.00041224 -0.00000506 
 16.34567284  0.00041166 -0.00000530 
 16.37068534  0.00041108 -0.00000552 
 16.39569785  0.00041048 -0.00000570 
 16.42071036  0.00040990 -0.00000584 
 16.44572286  0.00040930 -0.00000596 
 16.47073537  0.00040872 -0.00000608 
 16.49574787  0.00040814 -0.00000616 
 16.52076038  0.00040754 -0.00000624 
 16.54577289  0.00040694 -0.00000630 
 16.57078539  0.00040636 -0.00000634 
 16.59579790  0.00040578 -0.00000638 
 16.62081041  0.00040520 -0.00000640 
 16.64582291  0.00040462 -0.00000642 
 16.67083542  0.00040406 -0.00000642 
 16.69584792  0.00040350 -0.00000640 
 16.72086043  0.00040292 -0.00000640 
 16.74587294  0.00040238 -0.00000638 
 16.77088544  0.00040182 -0.00000638 
 16.79589795  0.00040128 -0.00000634 
 16.82091046  0.00040072 -0.00000630 
 16.84592296  0.00040016 -0.00000628 
 16.87093547  0.00039964 -0.00000624 
 16.89594797  0.00039912 -0.00000620 
 16.92096048  0.00039860 -0.00000616 
 16.94597299  0.00039808 -0.00000610 
 16.97098549  0.00039754 -0.00000606 
 16.99599800  0.00039706 -0.00000602 
 17.02101051  0.00039652 -0.00000596 
 17.04602301  0.00039604 -0.00000592 
 17.07103552  0.00039554 -0.00000586 
 17.09604802  0.00039506 -0.00000582 
 17.12106053  0.00039458 -0.00000576 
 17.14607304  0.00039408 -0.00000570 
 17.17108554  0.00039362 -0.00000566 
 17.19609805  0.00039314 -0.00000560 
 17.22111056  0.00039268 -0.00000554 
 17.24612306  0.00039220 -0.00000548 
 17.27113557  0.00039176 -0.00000544 
 17.29614807  0.00039132 -0.00000540 
 17.32116058  0.00039088 -0.00000534 
 17.34617309  0.00039042 -0.00000528 
 17.37118559  0.00039000 -0.00000524 
 17.39619810  0.00038956 -0.00000518 
 17.42121061  0.00038914 -0.00000512 
 17.44622311  0.00038872 -0.00000508 
 17.47123562  0.00038830 -0.00000502 
 17.49624812  0.00038788 -0.00000498 
 17.52126063  0.00038746 -0.00000494 
 17.54627314  0.00038704 -0.00000490 
 17.57128564  0.00038666 -0.00000484 
 17.59629815  0.00038626 -0.00000480 
 17.62131066  0.00038586 -0.00000476 
 17.64632316  0.00038546 -0.00000472 
 17.67133567  0.00038508 -0.00000466 
 17.69634817  0.00038468 -0.00000462 
 17.72136068  0.00038430 -0.00000458 
 17.74637319  0.00038394 -0.00000454 
 17.77138569  0.00038356 -0.00000450 
 17.79639820  0.00038318 -0.00000446 
 17.82141071  0.00038282 -0.00000442 
 17.84642321  0.00038246 -0.00000438 
 17.87143572  0.00038210 -0.00000434 
 17.89644822  0.00038174 -0.00000430 
 17.92146073  0.00038138 -0.00000426 
 17.94647324  0.00038104 -0.00000424 
 17.97148574  0.00038070 -0.00000418 
 17.99649825  0.00038034 -0.00000418 
 18.02151076  0.00038000 -0.00000414 
 18.04652326  0.00037966 -0.00000410 
 18.07153577  0.00037932 -0.00000408 
 18.09654827  0.00037898 -0.00000404 
 18.12156078  0.00037866 -0.00000402 
 18.14657329  0.00037832 -0.00000398 
 18.17158579  0.00037800 -0.00000394 
 18.19659830  0.00037766 -0.00000392 
 18.22161081  0.00037734 -0.00000388 
 18.24662331  0.00037702 -0.00000386 
 18.27163582  0.00037670 -0.00000382 
 18.29664832  0.00037640 -0.00000380 
 18.32166083  0.00037608 -0.00000378 
 18.34667334  0.00037576 -0.00000376 
 18.37168584  0.00037546 -0.00000374 
 18.39669835  0.00037516 -0.00000372 
 18.42171086  0.00037484 -0.00000368 
 18.44672336  0.00037454 -0.00000368 
 18.47173587  0.00037424 -0.00000364 
 18.49674837  0.00037394 -0.00000362 
 18.52176088  0.00037362 -0.00000360 
 18.54677339  0.00037334 -0.00000358 
 18.57178589  0.00037304 -0.00000356 
 18.59679840  0.00037274 -0.00000354 
 18.62181091  0.00037246 -0.00000352 
 18.64682341  0.00037216 -0.00000350 
 18.67183592  0.00037188 -0.00000348 
 18.69684842  0.00037160 -0.00000346 
 18.72186093  0.00037130 -0.00000344 
 18.74687344  0.00037102 -0.00000342 
 18.77188594  0.00037074 -0.00000340 
 18.79689845  0.00037044 -0.00000340 
 18.82191096  0.00037018 -0.00000338 
 18.84692346  0.00036988 -0.00000336 
 18.87193597  0.00036962 -0.00000334 
 18.89694847  0.00036932 -0.00000332 
 18.92196098  0.00036906 -0.00000332 
 18.94697349  0.00036878 -0.00000330 
 18.97198599  0.00036852 -0.00000328 
 18.99699850  0.00036824 -0.00000326 
 19.02201101  0.00036796 -0.00000326 
 19.04702351  0.00036770 -0.00000324 
 19.07203602  0.00036742 -0.00000322 
 19.09704852  0.00036716 -0.00000322 
 19.12206103  0.00036690 -0.00000320 
 19.14707354  0.00036664 -0.00000320 
 19.17208604  0.00036636 -0.00000318 
 19.19709855  0.00036610 -0.00000316 
 19.22211106  0.00036584 -0.00000316 
 19.24712356  0.00036558 -0.00000314 
 19.27213607  0.00036532 -0.00000314 
 19.29714857  0.00036506 -0.00000312 
 19.32216108  0.00036480 -0.00000310 
 19.34717359  0.00036454 -0.00000310 
 19.37218609  0.00036428 -0.00000308 
 19.39719860  0.00036404 -0.00000308 
 19.42221111  0.00036376 -0.00000308 
 19.44722361  0.00036352 -0.00000306 
 19.47223612  0.00036326 -0.00000306 
 19.49724862  0.00036300 -0.00000304 
 19.52226113  0.00036276 -0.00000304 
 19.54727364  0.00036252 -0.00000302 
 19.57228614  0.00036226 -0.00000302 
 19.59729865  0.00036202 -0.00000300 
 19.62231116  0.00036176 -0.00000300 
 19.64732366  0.00036150 -0.00000298 
 19.67233617  0.00036126 -0.00000298 
 19.69734867  0.00036100 -0.00000298 
 19.72236118  0.00036078 -0.00000296 
 19.74737369  0.00036052 -0.00000296 
 19.77238619  0.00036028 -0.00000296 
 19.79739870  0.00036004 -0.00000294 
 19.82241121  0.00035978 -0.00000294 
 19.84742371  0.00035954 -0.00000294 
 19.87243622  0.00035928 -0.00000294 
 19.89744872  0.00035906 -0.00000292 
 19.92246123  0.00035880 -0.00000292 
 19.94747374  0.00035856 -0.00000290 
 19.97248624  0.00035832 -0.00000290 
 19.99749875  0.00035808 -0.00000290 
 20.02251126  0.00035784 -0.00000290 
 20.04752376  0.00035760 -0.00000288 
 20.07253627  0.00035736 -0.00000288 
 20.09754877  0.00035714 -0.00000288 
 20.12256128  0.00035688 -0.00000286 
 20.14757379  0.00035664 -0.00000286 
 20.17258629  0.00035640 -0.00000286 
 20.19759880  0.00035616 -0.00000284 
 20.22261131  0.00035594 -0.00000284 
 20.24762381  0.00035568 -0.00000284 
 20.27263632  0.00035546 -0.00000284 
 20.29764882  0.00035522 -0.00000284 
 20.32266133  0.00035498 -0.00000282 
 20.34767384  0.00035476 -0.00000282 
 20.37268634  0.00035452 -0.00000282 
 20.39769885  0.00035428 -0.00000282 
 20.42271136  0.00035404 -0.00000280 
 20.44772386  0.00035382 -0.00000280 
 20.47273637  0.00035358 -0.00000280 
 20.49774887  0.00035334 -0.00000278 
 20.52276138  0.00035312 -0.00000278 
 20.54777389  0.00035290 -0.00000278 
 20.57278639  0.00035266 -0.00000278 
 20.59779890  0.00035242 -0.00000278 
 20.62281141  0.00035218 -0.00000276 
 20.64782391  0.00035196 -0.00000276 
 20.67283642  0.00035174 -0.00000276 
 20.69784892  0.00035150 -0.00000276 
 20.72286143  0.00035128 -0.00000276 
 20.74787394  0.00035104 -0.00000276 
 20.77288644  0.00035082 -0.00000274 
 20.79789895  0.00035060 -0.00000274 
 20.82291146  0.00035034 -0.00000274 
 20.84792396  0.00035014 -0.00000274 
 20.87293647  0.00034990 -0.00000274 
 20.89794897  0.00034968 -0.00000274 
 20.92296148  0.00034944 -0.00000272 
 20.94797399  0.00034922 -0.00000274 
 20.97298649  0.00034898 -0.00000274 
 20.99799900  0.00034876 -0.00000272 
 21.02301151  0.00034854 -0.00000272 
 21.04802401  0.00034830 -0.00000272 
 21.07303652  0.00034808 -0.00000270 
 21.09804902  0.00034786 -0.00000270 
 21.12306153  0.00034764 -0.00000272 
 21.14807404  0.00034740 -0.00000270 
 21.17308654  0.00034718 -0.00000270 
 21.19809905  0.00034696 -0.00000270 
 21.22311156  0.00034674 -0.00000270 
 21.24812406  0.00034652 -0.00000268 
 21.27313657  0.00034630 -0.00000270 
 21.29814907  0.00034606 -0.00000268 
 21.32316158  0.00034584 -0.00000270 
 21.34817409  0.00034562 -0.00000268 
 21.37318659  0.00034540 -0.00000268 
 21.39819910  0.00034518 -0.00000268 
 21.42321161  0.00034494 -0.00000268 
 21.44822411  0.00034472 -0.00000268 
 21.47323662  0.00034450 -0.00000266 
 21.49824912  0.00034428 -0.00000266 
 21.52326163  0.00034404 -0.00000266 
 21.54827414  0.00034384 -0.00000266 
 21.57328664  0.00034360 -0.00000266 
 21.59829915  0.00034338 -0.00000266 
 21.62331166  0.00034316 -0.00000266 
 21.64832416  0.00034296 -0.00000264 
 21.67333667  0.00034274 -0.00000264 
 21.69834917  0.00034250 -0.00000264 
 21.72336168  0.00034228 -0.00000264 
 21.74837419  0.00034206 -0.00000264 
 21.77338669  0.00034184 -0.00000264 
 21.79839920  0.00034162 -0.00000264 
 21.82341171  0.00034140 -0.00000264 
 21.84842421  0.00034118 -0.00000264 
 21.87343672  0.00034098 -0.00000262 
 21.89844922  0.00034076 -0.00000262 
 21.92346173  0.00034054 -0.00000262 
 21.94847424  0.00034032 -0.00000262 
 21.97348674  0.00034008 -0.00000262 
 21.99849925  0.00033988 -0.00000262 
 22.02351176  0.00033966 -0.00000262 
 22.04852426  0.00033944 -0.00000262 
 22.07353677  0.00033922 -0.00000262 
 22.09854927  0.00033900 -0.00000262 
 22.12356178  0.00033878 -0.00000260 
 22.14857429  0.00033856 -0.00000260 
 22.17358679  0.00033834 -0.00000260 
 22.19859930  0.00033812 -0.00000260 
 22.22361181  0.00033792 -0.00000260 
 22.24862431  0.00033770 -0.00000260 
 22.27363682  0.00033750 -0.00000258 
 22.29864932  0.00033728 -0.00000260 
 22.32366183  0.00033706 -0.00000260 
 22.34867434  0.00033684 -0.00000258 
 22.37368684  0.00033662 -0.00000260 
 22.39869935  0.00033642 -0.00000258 
 22.42371186  0.00033620 -0.00000258 
 22.44872436  0.00033598 -0.00000258 
 22.47373687  0.00033576 -0.00000258 
 22.49874937  0.00033554 -0.00000258 
 22.52376188  0.00033532 -0.00000258 
 22.54877439  0.00033512 -0.00000258 
 22.57378689  0.00033490 -0.00000256 
 22.59879940  0.00033468 -0.00000258 
 22.62381191  0.00033448 -0.00000256 
 22.64882441  0.00033426 -0.00000256 
 22.67383692  0.00033404 -0.00000256 
 22.69884942  0.00033382 -0.00000256 
 22.72386193  0.00033362 -0.00000256 
 22.74887444  0.00033340 -0.00000256 
 22.77388694  0.00033320 -0.00000256 
 22.79889945  0.00033298 -0.00000256 
 22.82391196  0.00033276 -0.00000254 
 22.84892446  0.00033256 -0.00000256 
 22.87393697  0.00033234 -0.00000254 
 22.89894947  0.00033212 -0.00000254 
 22.92396198  0.00033192 -0.00000254 
 22.94897449  0.00033170 -0.00000254 
 22.97398699  0.00033150 -0.00000254 
 22.99899950  0.00033128 -0.00000254 
 23.02401201  0.00033108 -0.00000252 
 23.04902451  0.00033086 -0.00000252 
 23.07403702  0.00033064 -0.00000252 
 23.09904952  0.00033046 -0.00000252 
 23.12406203  0.00033024 -0.00000254 
 23.14907454  0.00033002 -0.00000252 
 23.17408704  0.00032980 -0.00000252 
 23.19909955  0.00032960 -0.00000252 
 23.22411206  0.00032938 -0.00000252 
 23.24912456  0.00032918 -0.00000252 
 23.27413707  0.00032898 -0.00000252 
 23.29914957  0.00032876 -0.00000250 
 23.32416208  0.00032856 -0.00000252 
 23.34917459  0.00032834 -0.00000252 
 23.37418709  0.00032814 -0.00000252 
 23.39919960  0.00032792 -0.00000252 
 23.42421211  0.00032772 -0.00000250 
 23.44922461  0.00032750 -0.00000250 
 23.47423712  0.00032730 -0.00000250 
 23.49924962  0.00032708 -0.00000250 
 23.52426213  0.00032688 -0.00000250 
 23.54927464  0.00032666 -0.00000250 
 23.57428714  0.00032646 -0.00000250 
 23.59929965  0.00032626 -0.00000250 
 23.62431216  0.00032604 -0.00000248 
 23.64932466  0.00032584 -0.00000250 
 23.67433717  0.00032564 -0.00000248 
 23.69934967  0.00032542 -0.00000248 
 23.72436218  0.00032522 -0.00000248 
 23.74937469  0.00032502 -0.00000248 
 23.77438719  0.00032480 -0.00000248 
 23.79939970  0.00032460 -0.00000246 
 23.82441221  0.00032438 -0.00000246 
 23.84942471  0.00032418 -0.00000248 
 23.87443722  0.00032398 -0.00000246 
 23.89944972  0.00032378 -0.00000246 
 23.92446223  0.00032358 -0.00000246 
 23.94947474  0.00032336 -0.00000246 
 23.97448724  0.00032316 -0.00000246 
 23.99949975  0.00032294 -0.00000246 
 24.02451226  0.00032274 -0.00000246 
 24.04952476  0.00032254 -0.00000246 
 24.07453727  0.00032234 -0.00000246 
 24.09954977  0.00032212 -0.00000246 
 24.12456228  0.00032194 -0.00000246 
 24.14957479  0.00032174 -0.00000246 
 24.17458729  0.00032152 -0.00000246 
 24.19959980  0.00032132 -0.00000244 
 24.22461231  0.00032110 -0.00000244 
 24.24962481  0.00032090 -0.00000244 
 24.27463732  0.00032070 -0.00000244 
 24.29964982  0.00032050 -0.00000244 
 24.32466233  0.00032028 -0.00000244 
 24.34967484  0.00032008 -0.00000244 
 24.37468734  0.00031990 -0.00000242 
 24.39969985  0.00031970 -0.00000242 
 24.42471236  0.00031950 -0.00000244 
 24.44972486  0.00031928 -0.00000242 
 24.47473737  0.00031908 -0.00000242 
 24.49974987  0.00031888 -0.00000242 
 24.52476238  0.00031868 -0.00000242 
 24.54977489  0.00031848 -0.00000242 
 24.57478739  0.00031828 -0.00000242 
 24.59979990  0.00031808 -0.00000242 
 24.62481241  0.00031788 -0.00000240 
 24.64982491  0.00031768 -0.00000240 
 24.67483742  0.00031746 -0.00000240 
 24.69984992  0.00031726 -0.00000240 
 24.72486243  0.00031706 -0.00000242 
 24.74987494  0.00031686 -0.00000242 
 24.77488744  0.00031666 -0.00000240 
 24.79989995  0.00031646 -0.00000240 
 24.82491246  0.00031626 -0.00000240 
 24.84992496  0.00031608 -0.00000240 
 24.87493747  0.00031586 -0.00000240 
 24.89994997  0.00031566 -0.00000238 
 24.92496248  0.00031546 -0.00000240 
 24.94997499  0.00031526 -0.00000238 
